  0
SECTION
  2
HEADER
  9
$ACADVER
  1
AC1009
  9
$INSBASE
 10
0.0
 20
0.0
 30
0.0
  9
$EXTMIN
 10
0.0
 20
0.0
 30
0.0
  9
$EXTMAX
 10
0.0
 20
0.0
 30
0.0
  0
ENDSEC
  0
SECTION
  2
TABLES
  0
TABLE
  2
VPORT
 70
0
  0
ENDTAB
  0
TABLE
  2
LTYPE
 70
1
  0
LTYPE
  2
CONTINUOUS
 70
0
  3
Solid line
 72
65
 73
0
 40
0.0
  0
ENDTAB
  0
TABLE
  2
LAYER
 70
1
  0
LAYER
  2
0
 70
64
 62
7
  6
continuous
  0
ENDTAB
  0
TABLE
  2
STYLE
 70
1
  0
STYLE
  2
STANDARD
 70
0
 40
0
 41
1.0
 50
0.0
 71
0
 42
1
 3
ARIAL.TTF
 4

  0
ENDTAB
  0
TABLE
  2
VIEW
 70
0
  0
ENDTAB
  0
ENDSEC
  0
SECTION
  2
BLOCKS
  0
BLOCK
  8
0
  2
BODY
 70
0
 10
0.0
 20
0.0
 30
0.0
  3
BODY
  0
ARC
  8
0
 62
0
 10
20.324169114000007
 20
-115.75000000000003
 30
0.0
 40
17.500000000000004
 50
-164.2245070626561
 51
8.779938273474334
  0
LINE
  8
0
 62
0
 10
-3.8261106239999987
 20
-21.698951619000006
 30
0.0
 11
-2.681244110437049
 21
-15.206090987275596
 31
0.0
  0
LINE
  8
0
 62
0
 10
-3.8261106239999987
 20
-21.698951619000006
 30
0.0
 11
-3.8376247269377
 21
-21.543304137069374
 31
0.0
  0
LINE
  8
0
 62
0
 10
-2.718895859999998
 20
-15.19867745400001
 30
0.0
 11
-2.6812441118726493
 21
-15.20609098635323
 31
0.0
  0
LINE
  8
0
 62
0
 10
-3.8376247259999987
 20
-21.543304137000007
 30
0.0
 11
-9.999999996447409
 21
-67.00000000048162
 31
0.0
  0
LINE
  8
0
 62
0
 10
-4.990525477999999
 20
-14.502901943000008
 30
0.0
 11
-2.718895859863923
 21
-15.198677453555739
 31
0.0
  0
LINE
  8
0
 62
0
 10
-10.0
 20
-67.00000000000001
 30
0.0
 11
3.4833177044938797
 21
-120.50770143307983
 31
0.0
  0
LINE
  8
0
 62
0
 10
-4.990525477999999
 20
-14.502901943000008
 30
0.0
 11
-5.335514235843182
 21
-14.65920488434613
 31
0.0
  0
LINE
  8
0
 62
0
 10
-5.335514235999998
 20
-14.659204884000008
 30
0.0
 11
-15.364042298306012
 21
-16.071343966826795
 31
0.0
  0
LINE
  8
0
 62
0
 10
37.61910215100001
 20
-53.85884679200002
 30
0.0
 11
37.61910215100001
 21
-113.07880340400001
 31
0.0
  0
LINE
  8
0
 62
0
 10
-15.364042298000001
 20
-16.071343969000008
 30
0.0
 11
-16.929582193976838
 21
-14.205606174819668
 31
0.0
  0
LINE
  8
0
 62
0
 10
11.050000000000004
 20
19.139161424
 30
0.0
 11
37.619102123618845
 21
-53.858846801965946
 31
0.0
  0
LINE
  8
0
 62
0
 10
-11.828239031
 20
-9.925071008000007
 30
0.0
 11
-16.929582191771352
 21
-14.205606175464254
 31
0.0
  0
LINE
  8
0
 62
0
 10
11.050000000000004
 20
19.139161424
 30
0.0
 11
8.940753805072461
 21
20.356935282125498
 31
0.0
  0
LINE
  8
0
 62
0
 10
-11.852316616
 20
-9.895189836000007
 30
0.0
 11
-11.828239030810884
 21
-9.92507100784762
 31
0.0
  0
LINE
  8
0
 62
0
 10
8.940753805000003
 20
20.356935282
 30
0.0
 11
2.5126176694811875e-09
 21
15.599999995277491
 31
0.0
  0
LINE
  8
0
 62
0
 10
-13.145249985000001
 20
-7.902019499000007
 30
0.0
 11
-11.852316615668627
 21
-9.89518983578505
 31
0.0
  0
LINE
  8
0
 62
0
 10
-0.2707246349999976
 20
15.335130174999998
 30
0.0
 11
3.4759384259785975e-10
 21
15.599999999644723
 31
0.0
  0
LINE
  8
0
 62
0
 10
-13.145249985000001
 20
-7.902019499000007
 30
0.0
 11
-13.509996298898843
 21
-7.799999999638331
 31
0.0
  0
LINE
  8
0
 62
0
 10
-0.2707246349999976
 20
15.335130174999998
 30
0.0
 11
-2.6433274649409055
 21
15.21200219986134
 31
0.0
  0
LINE
  8
0
 62
0
 10
-22.1
 20
-2.4355477170000053
 30
0.0
 11
-13.509996301442994
 21
-7.8000000039119275
 31
0.0
  0
LINE
  8
0
 62
0
 10
-2.6433274649999983
 20
15.212002200999999
 30
0.0
 11
-2.68124411191304
 21
15.20609098644222
 31
0.0
  0
LINE
  8
0
 62
0
 10
-22.1
 20
-4.884981308350692e-15
 30
0.0
 11
-22.1
 21
-2.435547717000005
 31
0.0
  0
LINE
  8
0
 62
0
 10
-2.681244111999998
 20
15.206090986999998
 30
0.0
 11
-3.837624728552111
 21
21.764251341549993
 31
0.0
  0
LINE
  8
0
 62
0
 10
-15.440669451000002
 20
-4.884981308350691e-15
 30
0.0
 11
-22.1
 21
-4.884981308350692e-15
 31
0.0
  0
LINE
  8
0
 62
0
 10
-3.8376247259999987
 20
21.764251342
 30
0.0
 11
-6.236171000901372
 21
21.341322918440657
 31
0.0
  0
LINE
  8
0
 62
0
 10
-15.439906704000002
 20
0.03836707999999512
 30
0.0
 11
-15.440669450697262
 21
-6.023855025905078e-12
 31
0.0
  0
LINE
  8
0
 62
0
 10
-6.236171000999999
 20
21.341322919
 30
0.0
 11
-10.027486713622299
 21
11.950293314058667
 31
0.0
  0
LINE
  8
0
 62
0
 10
-15.149165930000002
 20
2.3963056889999956
 30
0.0
 11
-15.439906704496234
 21
0.03836708006118261
 31
0.0
  0
LINE
  8
0
 62
0
 10
-10.064618772
 20
11.573372813999997
 30
0.0
 11
-10.027486710862417
 21
11.950293312986442
 31
0.0
  0
LINE
  8
0
 62
0
 10
-15.149165930000002
 20
2.3963056889999956
 30
0.0
 11
-15.363000947561263
 21
2.7089115716160705
 31
0.0
  0
LINE
  8
0
 62
0
 10
-10.064618772
 20
11.573372813999997
 30
0.0
 11
-11.802992850109424
 21
9.953971613190927
 31
0.0
  0
LINE
  8
0
 62
0
 10
-18.495122088
 20
12.339868378999999
 30
0.0
 11
-15.363000951597652
 21
2.708911570504778
 31
0.0
  0
LINE
  8
0
 62
0
 10
-11.802992849
 20
9.953971611999997
 30
0.0
 11
-11.82823903058502
 21
9.92507100763749
 31
0.0
  0
LINE
  8
0
 62
0
 10
-16.929582193
 20
14.205606173999998
 30
0.0
 11
-18.495122088976835
 21
12.339868379819661
 31
0.0
  0
LINE
  8
0
 62
0
 10
-11.828239031
 20
9.925071007999996
 30
0.0
 11
-16.929582191771352
 21
14.205606175464244
 31
0.0
  0
CIRCLE
  8
0
 62
0
 10
20.290859000000008
 20
-115.74978600000003
 30
0.0
 40
5.000000000000001
  0
ARC
  8
0
 62
0
 10
11.695377659000004
 20
-93.46364273700001
 30
0.0
 40
6.000000000000002
 50
-164.32047587548388
 51
-69.97630057287776
  0
LINE
  8
0
 62
0
 10
1.5929328530000029
 20
-79.67482328900002
 30
0.0
 11
5.918647317478348
 21
-95.08518107870785
 31
0.0
  0
ARC
  8
0
 62
0
 10
19.986111111000007
 20
-116.21296296300002
 30
0.0
 40
18.212968259000004
 50
80.4577794670871
 51
110.02369942161309
  0
ARC
  8
0
 62
0
 10
7.369663192000004
 20
-78.05328494800001
 30
0.0
 40
6.000000000000002
 50
-180.0
 51
-164.32047587548388
  0
ARC
  8
0
 62
0
 10
24.00000000000001
 20
-92.33501230000002
 30
0.0
 40
6.000000000000002
 50
-99.54222053425254
 51
-0.0
  0
ARC
  8
0
 62
0
 10
7.369663192000004
 20
-78.05328494800001
 30
0.0
 40
6.000000000000002
 50
106.69924422850569
 51
-180.0
  0
LINE
  8
0
 62
0
 10
30.00000000000001
 20
-92.33501230000002
 30
0.0
 11
30.00000000000001
 21
-73.06418390500001
 31
0.0
  0
LINE
  8
0
 62
0
 10
22.27591268700001
 20
-67.31722619400001
 30
0.0
 11
5.645575881499443
 21
-72.30632724433147
 31
0.0
  0
ARC
  8
0
 62
0
 10
24.00000000000001
 20
-73.06418390500001
 30
0.0
 40
6.000000000000002
 50
-0.0
 51
106.6992442312497
  0
ARC
  8
0
 62
0
 10
20.134695251000007
 20
-46.00713573700001
 30
0.0
 40
6.000000000000002
 50
-0.0
 51
20.22485943116806
  0
ARC
  8
0
 62
0
 10
20.134695251000007
 20
-46.00713573700001
 30
0.0
 40
6.000000000000002
 50
-74.05460409383035
 51
-0.0
  0
LINE
  8
0
 62
0
 10
25.76475395200001
 20
-43.932903584000016
 30
0.0
 11
17.66541214496762
 21
-21.94897582874879
 31
0.0
  0
LINE
  8
0
 62
0
 10
8.454986133000004
 20
-55.58428967600002
 30
0.0
 11
21.783022018962267
 21
-51.776279422867944
 31
0.0
  0
ARC
  8
0
 62
0
 10
12.035353446000006
 20
-24.02320798100001
 30
0.0
 40
6.000000000000002
 50
20.224859431168117
 51
107.28319225084968
  0
ARC
  8
0
 62
0
 10
6.806659366000004
 20
-49.81514599000002
 30
0.0
 40
6.000000000000002
 50
174.55966797669012
 51
-74.05460410301224
  0
ARC
  8
0
 62
0
 10
8.625000000000004
 20
-13.062500000000009
 30
0.0
 40
5.479008236000001
 50
-87.0532136253605
 51
-72.7168077438001
  0
LINE
  8
0
 62
0
 10
3.242145227000003
 20
-23.95747511600001
 30
0.0
 11
0.833686521561178
 21
-49.24629143419631
 31
0.0
  0
ARC
  8
0
 62
0
 10
9.215118063000004
 20
-24.52632967200001
 30
0.0
 40
6.000000000000002
 50
92.94678637527348
 51
174.55966796718386
  0
CIRCLE
  8
0
 62
0
 10
2.4424906541753444e-15
 20
-4.8849813083506896e-15
 30
0.0
 40
7.000000000000002
  0
ENDBLK
  0
ENDSEC
  0
SECTION
  2
ENTITIES
  0
INSERT
  2
BODY
  8
0
 62
0
 10
0.0
 20
0.0
 30
0.0
  0
ENDSEC
  0
EOF
