  0
SECTION
  2
HEADER
  9
$ACADVER
  1
AC1024
  9
$ACADMAINTVER
 70
     6
  9
$DWGCODEPAGE
  3
ANSI_1252
  9
$INSBASE
 10
0.0
 20
0.0
 30
0.0
  9
$EXTMIN
 10
1.000000000000000E+20
 20
1.000000000000000E+20
 30
1.000000000000000E+20
  9
$EXTMAX
 10
-1.000000000000000E+20
 20
-1.000000000000000E+20
 30
-1.000000000000000E+20
  9
$LIMMIN
 10
0.0
 20
0.0
  9
$LIMMAX
 10
12.0
 20
9.0
  9
$ORTHOMODE
 70
     0
  9
$REGENMODE
 70
     1
  9
$FILLMODE
 70
     1
  9
$QTEXTMODE
 70
     0
  9
$MIRRTEXT
 70
     1
  9
$LTSCALE
 40
1.0
  9
$ATTMODE
 70
     1
  9
$TEXTSIZE
 40
0.2
  9
$TRACEWID
 40
0.05
  9
$TEXTSTYLE
  7
Standard
  9
$CLAYER
  8
0
  9
$CELTYPE
  6
ByLayer
  9
$CECOLOR
 62
   256
  9
$CELTSCALE
 40
1.0
  9
$DISPSILH
 70
     0
  9
$DIMSCALE
 40
1.0
  9
$DIMASZ
 40
0.18
  9
$DIMEXO
 40
0.0625
  9
$DIMDLI
 40
0.38
  9
$DIMRND
 40
0.0
  9
$DIMDLE
 40
0.0
  9
$DIMEXE
 40
0.18
  9
$DIMTP
 40
0.0
  9
$DIMTM
 40
0.0
  9
$DIMTXT
 40
0.18
  9
$DIMCEN
 40
0.09
  9
$DIMTSZ
 40
0.0
  9
$DIMTOL
 70
     0
  9
$DIMLIM
 70
     0
  9
$DIMTIH
 70
     1
  9
$DIMTOH
 70
     1
  9
$DIMSE1
 70
     0
  9
$DIMSE2
 70
     0
  9
$DIMTAD
 70
     0
  9
$DIMZIN
 70
     0
  9
$DIMBLK
  1

  9
$DIMASO
 70
     1
  9
$DIMSHO
 70
     1
  9
$DIMPOST
  1

  9
$DIMAPOST
  1

  9
$DIMALT
 70
     0
  9
$DIMALTD
 70
     2
  9
$DIMALTF
 40
25.4
  9
$DIMLFAC
 40
1.0
  9
$DIMTOFL
 70
     0
  9
$DIMTVP
 40
0.0
  9
$DIMTIX
 70
     0
  9
$DIMSOXD
 70
     0
  9
$DIMSAH
 70
     0
  9
$DIMBLK1
  1

  9
$DIMBLK2
  1

  9
$DIMSTYLE
  2
Standard
  9
$DIMCLRD
 70
     0
  9
$DIMCLRE
 70
     0
  9
$DIMCLRT
 70
     0
  9
$DIMTFAC
 40
1.0
  9
$DIMGAP
 40
0.09
  9
$DIMJUST
 70
     0
  9
$DIMSD1
 70
     0
  9
$DIMSD2
 70
     0
  9
$DIMTOLJ
 70
     1
  9
$DIMTZIN
 70
     0
  9
$DIMALTZ
 70
     0
  9
$DIMALTTZ
 70
     0
  9
$DIMUPT
 70
     0
  9
$DIMDEC
 70
     4
  9
$DIMTDEC
 70
     4
  9
$DIMALTU
 70
     2
  9
$DIMALTTD
 70
     2
  9
$DIMTXSTY
  7
Standard
  9
$DIMAUNIT
 70
     0
  9
$DIMADEC
 70
     0
  9
$DIMALTRND
 40
0.0
  9
$DIMAZIN
 70
     0
  9
$DIMDSEP
 70
    46
  9
$DIMATFIT
 70
     3
  9
$DIMFRAC
 70
     0
  9
$DIMLDRBLK
  1

  9
$DIMLUNIT
 70
     2
  9
$DIMLWD
 70
    -2
  9
$DIMLWE
 70
    -2
  9
$DIMTMOVE
 70
     0
  9
$DIMFXL
 40
1.0
  9
$DIMFXLON
 70
     0
  9
$DIMJOGANG
 40
0.7853981633974483
  9
$DIMTFILL
 70
     0
  9
$DIMTFILLCLR
 70
     0
  9
$DIMARCSYM
 70
     0
  9
$DIMLTYPE
  6

  9
$DIMLTEX1
  6

  9
$DIMLTEX2
  6

  9
$DIMTXTDIRECTION
 70
     0
  9
$LUNITS
 70
     2
  9
$LUPREC
 70
     4
  9
$SKETCHINC
 40
0.1
  9
$FILLETRAD
 40
0.5
  9
$AUNITS
 70
     0
  9
$AUPREC
 70
     0
  9
$MENU
  1
.
  9
$ELEVATION
 40
0.0
  9
$PELEVATION
 40
0.0
  9
$THICKNESS
 40
0.0
  9
$LIMCHECK
 70
     0
  9
$CHAMFERA
 40
0.5
  9
$CHAMFERB
 40
0.5
  9
$CHAMFERC
 40
1.0
  9
$CHAMFERD
 40
0.0
  9
$SKPOLY
 70
     0
  9
$TDCREATE
 40
2460758.257096516
  9
$TDUCREATE
 40
2460758.215429849
  9
$TDUPDATE
 40
2460758.257096875
  9
$TDUUPDATE
 40
2460758.215430208
  9
$TDINDWG
 40
0.0000000116
  9
$TDUSRTIMER
 40
0.0000000116
  9
$USRTIMER
 70
     1
  9
$ANGBASE
 50
0.0
  9
$ANGDIR
 70
     0
  9
$PDMODE
 70
     0
  9
$PDSIZE
 40
0.0
  9
$PLINEWID
 40
0.0
  9
$SPLFRAME
 70
     0
  9
$SPLINETYPE
 70
     6
  9
$SPLINESEGS
 70
     8
  9
$HANDSEED
  5
4E
  9
$SURFTAB1
 70
     6
  9
$SURFTAB2
 70
     6
  9
$SURFTYPE
 70
     6
  9
$SURFU
 70
     6
  9
$SURFV
 70
     6
  9
$UCSBASE
  2

  9
$UCSNAME
  2

  9
$UCSORG
 10
0.0
 20
0.0
 30
0.0
  9
$UCSXDIR
 10
1.0
 20
0.0
 30
0.0
  9
$UCSYDIR
 10
0.0
 20
1.0
 30
0.0
  9
$UCSORTHOREF
  2

  9
$UCSORTHOVIEW
 70
     0
  9
$UCSORGTOP
 10
0.0
 20
0.0
 30
0.0
  9
$UCSORGBOTTOM
 10
0.0
 20
0.0
 30
0.0
  9
$UCSORGLEFT
 10
0.0
 20
0.0
 30
0.0
  9
$UCSORGRIGHT
 10
0.0
 20
0.0
 30
0.0
  9
$UCSORGFRONT
 10
0.0
 20
0.0
 30
0.0
  9
$UCSORGBACK
 10
0.0
 20
0.0
 30
0.0
  9
$PUCSBASE
  2

  9
$PUCSNAME
  2

  9
$PUCSORG
 10
0.0
 20
0.0
 30
0.0
  9
$PUCSXDIR
 10
1.0
 20
0.0
 30
0.0
  9
$PUCSYDIR
 10
0.0
 20
1.0
 30
0.0
  9
$PUCSORTHOREF
  2

  9
$PUCSORTHOVIEW
 70
     0
  9
$PUCSORGTOP
 10
0.0
 20
0.0
 30
0.0
  9
$PUCSORGBOTTOM
 10
0.0
 20
0.0
 30
0.0
  9
$PUCSORGLEFT
 10
0.0
 20
0.0
 30
0.0
  9
$PUCSORGRIGHT
 10
0.0
 20
0.0
 30
0.0
  9
$PUCSORGFRONT
 10
0.0
 20
0.0
 30
0.0
  9
$PUCSORGBACK
 10
0.0
 20
0.0
 30
0.0
  9
$USERI1
 70
     0
  9
$USERI2
 70
     0
  9
$USERI3
 70
     0
  9
$USERI4
 70
     0
  9
$USERI5
 70
     0
  9
$USERR1
 40
0.0
  9
$USERR2
 40
0.0
  9
$USERR3
 40
0.0
  9
$USERR4
 40
0.0
  9
$USERR5
 40
0.0
  9
$WORLDVIEW
 70
     1
  9
$SHADEDGE
 70
     3
  9
$SHADEDIF
 70
    70
  9
$TILEMODE
 70
     1
  9
$MAXACTVP
 70
    64
  9
$PINSBASE
 10
0.0
 20
0.0
 30
0.0
  9
$PLIMCHECK
 70
     0
  9
$PEXTMIN
 10
1.000000000000000E+20
 20
1.000000000000000E+20
 30
1.000000000000000E+20
  9
$PEXTMAX
 10
-1.000000000000000E+20
 20
-1.000000000000000E+20
 30
-1.000000000000000E+20
  9
$PLIMMIN
 10
0.0
 20
0.0
  9
$PLIMMAX
 10
12.0
 20
9.0
  9
$UNITMODE
 70
     0
  9
$VISRETAIN
 70
     1
  9
$PLINEGEN
 70
     0
  9
$PSLTSCALE
 70
     1
  9
$TREEDEPTH
 70
  3020
  9
$CMLSTYLE
  2
Standard
  9
$CMLJUST
 70
     0
  9
$CMLSCALE
 40
1.0
  9
$PROXYGRAPHICS
 70
     1
  9
$MEASUREMENT
 70
     0
  9
$CELWEIGHT
370
    -1
  9
$ENDCAPS
280
     0
  9
$JOINSTYLE
280
     0
  9
$LWDISPLAY
290
     1
  9
$INSUNITS
 70
     4
  9
$HYPERLINKBASE
  1

  9
$STYLESHEET
  1

  9
$XEDIT
290
     1
  9
$CEPSNTYPE
380
     0
  9
$PSTYLEMODE
290
     1
  9
$FINGERPRINTGUID
  2
{2AFCFC86-C01D-4B15-BB83-3CAEFBC8FB86}
  9
$VERSIONGUID
  2
{FAEB1C32-E019-11D5-929B-00C0DF256EC4}
  9
$EXTNAMES
290
     1
  9
$PSVPSCALE
 40
0.0
  9
$OLESTARTUP
290
     0
  9
$SORTENTS
280
   127
  9
$INDEXCTL
280
     0
  9
$HIDETEXT
280
     1
  9
$XCLIPFRAME
280
     2
  9
$HALOGAP
280
     0
  9
$OBSCOLOR
 70
   257
  9
$OBSLTYPE
280
     0
  9
$INTERSECTIONDISPLAY
280
     0
  9
$INTERSECTIONCOLOR
 70
   257
  9
$DIMASSOC
280
     2
  9
$PROJECTNAME
  1

  9
$CAMERADISPLAY
290
     0
  9
$LENSLENGTH
 40
50.0
  9
$CAMERAHEIGHT
 40
0.0
  9
$STEPSPERSEC
 40
2.0
  9
$STEPSIZE
 40
6.0
  9
$3DDWFPREC
 40
2.0
  9
$PSOLWIDTH
 40
0.25
  9
$PSOLHEIGHT
 40
4.0
  9
$LOFTANG1
 40
1.570796326794897
  9
$LOFTANG2
 40
1.570796326794897
  9
$LOFTMAG1
 40
0.0
  9
$LOFTMAG2
 40
0.0
  9
$LOFTPARAM
 70
     7
  9
$LOFTNORMALS
280
     1
  9
$LATITUDE
 40
37.795
  9
$LONGITUDE
 40
-122.394
  9
$NORTHDIRECTION
 40
0.0
  9
$TIMEZONE
 70
 -8000
  9
$LIGHTGLYPHDISPLAY
280
     1
  9
$TILEMODELIGHTSYNCH
280
     1
  9
$CMATERIAL
347
3C
  9
$SOLIDHIST
280
     1
  9
$SHOWHIST
280
     1
  9
$DWFFRAME
280
     2
  9
$DGNFRAME
280
     2
  9
$REALWORLDSCALE
290
     1
  9
$INTERFERECOLOR
 62
   256
  9
$CSHADOW
280
     0
  9
$SHADOWPLANELOCATION
 40
0.0
  0
ENDSEC
  0
SECTION
  2
CLASSES
  0
CLASS
  1
ACDBDICTIONARYWDFLT
  2
AcDbDictionaryWithDefault
  3
ObjectDBX Classes
 90
        0
 91
        4
280
     0
281
     0
  0
CLASS
  1
VISUALSTYLE
  2
AcDbVisualStyle
  3
ObjectDBX Classes
 90
     4095
 91
        4
280
     0
281
     0
  0
CLASS
  1
MATERIAL
  2
AcDbMaterial
  3
ObjectDBX Classes
 90
     1153
 91
        4
280
     0
281
     0
  0
CLASS
  1
SUN
  2
AcDbSun
  3
SCENEOE
 90
     1024
 91
        4
280
     0
281
     0
  0
ENDSEC
  0
SECTION
  2
TABLES
  0
TABLE
  2
VPORT
  5
8
330
0
100
AcDbSymbolTable
 70
     1
  0
VPORT
  5
29
330
8
100
AcDbSymbolTableRecord
100
AcDbViewportTableRecord
  2
*Active
 70
     0
 10
0.0
 20
0.0
 11
1.0
 21
1.0
 12
0.0
 22
0.0
 13
0.0
 23
0.0
 14
0.5
 24
0.5
 15
0.5
 25
0.5
 16
0.0
 26
0.0
 36
1.0
 17
245.5902777163866
 27
-175.3263051770528
 37
0.0
 40
407.6240962836361
 41
0.6210867730475609
 42
50.0
 43
0.0
 44
0.0
 50
0.0
 51
0.0
 71
     0
 72
   100
 73
     1
 74
     3
 75
     0
 76
     0
 77
     0
 78
     0
281
     0
 65
     1
110
0.0
120
0.0
130
0.0
111
1.0
121
0.0
131
0.0
112
0.0
122
1.0
132
0.0
 79
     0
146
0.0
 60
     3
 61
     5
292
     1
282
     1
141
0.0
142
0.0
 63
   250
361
3F
  0
ENDTAB
  0
TABLE
  2
LTYPE
  5
5
330
0
100
AcDbSymbolTable
 70
     1
  0
LTYPE
  5
14
330
5
100
AcDbSymbolTableRecord
100
AcDbLinetypeTableRecord
  2
ByBlock
 70
     0
  3

 72
    65
 73
     0
 40
0.0
  0
LTYPE
  5
15
330
5
100
AcDbSymbolTableRecord
100
AcDbLinetypeTableRecord
  2
ByLayer
 70
     0
  3

 72
    65
 73
     0
 40
0.0
  0
LTYPE
  5
16
330
5
100
AcDbSymbolTableRecord
100
AcDbLinetypeTableRecord
  2
Continuous
 70
     0
  3
Solid line
 72
    65
 73
     0
 40
0.0
  0
ENDTAB
  0
TABLE
  2
LAYER
  5
2
330
0
100
AcDbSymbolTable
 70
     2
  0
LAYER
  5
10
330
2
100
AcDbSymbolTableRecord
100
AcDbLayerTableRecord
  2
0
 70
     0
 62
     7
  6
Continuous
370
    -3
390
F
347
3E
  0
LAYER
  5
40
330
2
100
AcDbSymbolTableRecord
100
AcDbLayerTableRecord
  2
Layer 1
 70
     0
 62
     7
  6
Continuous
370
    -3
390
F
347
3E
  0
ENDTAB
  0
TABLE
  2
STYLE
  5
3
330
0
100
AcDbSymbolTable
 70
     1
  0
STYLE
  5
11
330
3
100
AcDbSymbolTableRecord
100
AcDbTextStyleTableRecord
  2
Standard
 70
     0
 40
0.0
 41
1.0
 50
0.0
 71
     0
 42
0.2
  3
txt
  4

  0
ENDTAB
  0
TABLE
  2
VIEW
  5
6
330
0
100
AcDbSymbolTable
 70
     0
  0
ENDTAB
  0
TABLE
  2
UCS
  5
7
330
0
100
AcDbSymbolTable
 70
     0
  0
ENDTAB
  0
TABLE
  2
APPID
  5
9
330
0
100
AcDbSymbolTable
 70
     1
  0
APPID
  5
12
330
9
100
AcDbSymbolTableRecord
100
AcDbRegAppTableRecord
  2
ACAD
 70
     0
  0
ENDTAB
  0
TABLE
  2
DIMSTYLE
  5
A
330
0
100
AcDbSymbolTable
 70
     1
100
AcDbDimStyleTable
  0
DIMSTYLE
105
27
330
A
100
AcDbSymbolTableRecord
100
AcDbDimStyleTableRecord
  2
Standard
 70
     0
178
     0
340
11
  0
ENDTAB
  0
TABLE
  2
BLOCK_RECORD
  5
1
330
0
100
AcDbSymbolTable
 70
     1
  0
BLOCK_RECORD
  5
1F
330
1
100
AcDbSymbolTableRecord
100
AcDbBlockTableRecord
  2
*Model_Space
340
22
 70
     0
280
     1
281
     0
  0
BLOCK_RECORD
  5
1B
330
1
100
AcDbSymbolTableRecord
100
AcDbBlockTableRecord
  2
*Paper_Space
340
1E
 70
     0
280
     1
281
     0
  0
BLOCK_RECORD
  5
23
330
1
100
AcDbSymbolTableRecord
100
AcDbBlockTableRecord
  2
*Paper_Space0
340
26
 70
     0
280
     1
281
     0
  0
ENDTAB
  0
ENDSEC
  0
SECTION
  2
BLOCKS
  0
BLOCK
  5
20
330
1F
100
AcDbEntity
  8
0
100
AcDbBlockBegin
  2
*Model_Space
 70
     0
 10
0.0
 20
0.0
 30
0.0
  3
*Model_Space
  1

  0
ENDBLK
  5
21
330
1F
100
AcDbEntity
  8
0
100
AcDbBlockEnd
  0
BLOCK
  5
1C
330
1B
100
AcDbEntity
 67
     1
  8
0
100
AcDbBlockBegin
  2
*Paper_Space
 70
     0
 10
0.0
 20
0.0
 30
0.0
  3
*Paper_Space
  1

  0
ENDBLK
  5
1D
330
1B
100
AcDbEntity
 67
     1
  8
0
100
AcDbBlockEnd
  0
BLOCK
  5
24
330
23
100
AcDbEntity
  8
0
100
AcDbBlockBegin
  2
*Paper_Space0
 70
     0
 10
0.0
 20
0.0
 30
0.0
  3
*Paper_Space0
  1

  0
ENDBLK
  5
25
330
23
100
AcDbEntity
  8
0
100
AcDbBlockEnd
  0
ENDSEC
  0
SECTION
  2
ENTITIES
  0
SPLINE
  5
41
330
1F
100
AcDbEntity
  8
Layer 1
 62
   250
420
  2301728
370
    35
100
AcDbSpline
210
0.0
220
0.0
230
1.0
 70
    11
 71
     3
 72
   116
 73
   112
 74
     0
 42
0.0000000001
 43
0.0000000001
 12
1.0
 22
0.0
 32
0.0
 13
1.0
 23
0.0
 33
0.0
 40
0.0
 40
0.0
 40
0.0
 40
0.0
 40
1.0
 40
1.0
 40
1.0
 40
2.0
 40
2.0
 40
2.0
 40
3.0
 40
3.0
 40
3.0
 40
4.0
 40
4.0
 40
4.0
 40
5.0
 40
5.0
 40
5.0
 40
6.0
 40
6.0
 40
6.0
 40
7.0
 40
7.0
 40
7.0
 40
8.0
 40
8.0
 40
8.0
 40
9.0
 40
9.0
 40
9.0
 40
10.0
 40
10.0
 40
10.0
 40
11.0
 40
11.0
 40
11.0
 40
12.0
 40
12.0
 40
12.0
 40
13.0
 40
13.0
 40
13.0
 40
14.0
 40
14.0
 40
14.0
 40
15.0
 40
15.0
 40
15.0
 40
16.0
 40
16.0
 40
16.0
 40
17.0
 40
17.0
 40
17.0
 40
18.0
 40
18.0
 40
18.0
 40
19.0
 40
19.0
 40
19.0
 40
20.0
 40
20.0
 40
20.0
 40
21.0
 40
21.0
 40
21.0
 40
22.0
 40
22.0
 40
22.0
 40
23.0
 40
23.0
 40
23.0
 40
24.0
 40
24.0
 40
24.0
 40
25.0
 40
25.0
 40
25.0
 40
26.0
 40
26.0
 40
26.0
 40
27.0
 40
27.0
 40
27.0
 40
28.0
 40
28.0
 40
28.0
 40
29.0
 40
29.0
 40
29.0
 40
30.0
 40
30.0
 40
30.0
 40
31.0
 40
31.0
 40
31.0
 40
32.0
 40
32.0
 40
32.0
 40
33.0
 40
33.0
 40
33.0
 40
34.0
 40
34.0
 40
34.0
 40
35.0
 40
35.0
 40
35.0
 40
36.0
 40
36.0
 40
36.0
 40
37.0
 40
37.0
 40
37.0
 40
37.0
 10
335.5224355918464
 20
-321.3443819726153
 30
0.0
 10
325.4149991387526
 20
-310.0664527965611
 30
0.0
 10
319.8789675442707
 20
-295.4229883091195
 30
0.0
 10
319.8789675442707
 20
-280.2786069381226
 30
0.0
 10
319.8789675442707
 20
-280.2786069381226
 30
0.0
 10
319.8789675442707
 20
-205.3443996339938
 30
0.0
 10
319.8789675442707
 20
-205.3443996339938
 30
0.0
 10
319.8789675442707
 20
-205.3443996339938
 30
0.0
 10
319.8789675442707
 20
-85.99998319383204
 30
0.0
 10
319.8789675442707
 20
-85.99998319383204
 30
0.0
 10
319.8789675442707
 20
-85.99998319383204
 30
0.0
 10
319.8789675442707
 20
-47.47643024529236
 30
0.0
 10
319.8789675442707
 20
-47.47643024529236
 30
0.0
 10
319.8789675442707
 20
-46.66101920762728
 30
0.0
 10
319.2179398480384
 20
-45.99999151139497
 30
0.0
 10
318.4025288103733
 20
-45.99999151139497
 30
0.0
 10
318.4025288103733
 20
-45.99999151139497
 30
0.0
 10
317.3553920376316
 20
-45.99999151139497
 30
0.0
 10
317.3553920376316
 20
-45.99999151139497
 30
0.0
 10
316.5399809999666
 20
-45.99999151139497
 30
0.0
 10
315.8789533037342
 20
-46.66101920762728
 30
0.0
 10
315.8789533037342
 20
-47.47643024529236
 30
0.0
 10
315.8789533037342
 20
-47.47643024529236
 30
0.0
 10
315.8789533037342
 20
-84.88829394443549
 30
0.0
 10
315.8789533037342
 20
-84.88829394443549
 30
0.0
 10
315.8789533037342
 20
-85.50225302360057
 30
0.0
 10
315.3812446653496
 20
-85.99998319383204
 30
0.0
 10
314.7672640543377
 20
-85.99998319383204
 30
0.0
 10
314.7672640543377
 20
-85.99998319383204
 30
0.0
 10
293.0458293606036
 20
-85.99998319383204
 30
0.0
 10
293.0458293606036
 20
-85.99998319383204
 30
0.0
 10
291.8491969756489
 20
-85.99998319383204
 30
0.0
 10
290.8791226825428
 20
-85.02990890072603
 30
0.0
 10
290.8791226825428
 20
-83.83327651577129
 30
0.0
 10
290.8791226825428
 20
-83.83327651577129
 30
0.0
 10
290.8791226825428
 20
-24.39250335083547
 30
0.0
 10
290.8791226825428
 20
-24.39250335083547
 30
0.0
 10
290.8791226825428
 20
-1.532055494137385
 30
0.0
 10
271.6273692829504
 20
16.99999592673959
 30
0.0
 10
247.8791418515502
 20
16.99999592673959
 30
0.0
 10
224.1308928883032
 20
16.99999592673959
 30
0.0
 10
204.8791394887108
 20
-1.532055494137385
 30
0.0
 10
204.8791394887108
 20
-24.39250335083547
 30
0.0
 10
204.8791394887108
 20
-24.39250335083547
 30
0.0
 10
204.8791394887108
 20
-83.81114177727855
 30
0.0
 10
204.8791394887108
 20
-83.81114177727855
 30
0.0
 10
204.8791394887108
 20
-85.02000425120595
 30
0.0
 10
203.8991605460847
 20
-85.99998319383204
 30
0.0
 10
202.6903196040041
 20
-85.99998319383204
 30
0.0
 10
202.6903196040041
 20
-85.99998319383204
 30
0.0
 10
180.8971192649428
 20
-85.99998319383204
 30
0.0
 10
180.8971192649428
 20
-85.99998319383204
 30
0.0
 10
180.334987340984
 20
-85.99998319383204
 30
0.0
 10
179.8793088675193
 20
-85.54428318852062
 30
0.0
 10
179.8793088675193
 20
-84.98217279640853
 30
0.0
 10
179.8793088675193
 20
-84.98217279640853
 30
0.0
 10
179.8793088675193
 20
-47.5475284033692
 30
0.0
 10
179.8793088675193
 20
-47.5475284033692
 30
0.0
 10
179.8793088675193
 20
-46.69284327717228
 30
0.0
 10
179.186457101742
 20
-45.99999151139497
 30
0.0
 10
178.3317719755451
 20
-45.99999151139497
 30
0.0
 10
178.3317719755451
 20
-45.99999151139497
 30
0.0
 10
177.4268530508039
 20
-45.99999151139497
 30
0.0
 10
177.4268530508039
 20
-45.99999151139497
 30
0.0
 10
176.572167924607
 20
-45.99999151139497
 30
0.0
 10
175.8793161588297
 20
-46.69284327717228
 30
0.0
 10
175.8793161588297
 20
-47.5475284033692
 30
0.0
 10
175.8793161588297
 20
-47.5475284033692
 30
0.0
 10
175.8793161588297
 20
-85.99998319383204
 30
0.0
 10
175.8793161588297
 20
-85.99998319383204
 30
0.0
 10
175.8793161588297
 20
-85.99998319383204
 30
0.0
 10
175.8789501174344
 20
-85.99998319383204
 30
0.0
 10
175.8789501174344
 20
-85.99998319383204
 30
0.0
 10
175.8789501174344
 20
-85.99998319383204
 30
0.0
 10
175.8789501174344
 20
-205.3443996339938
 30
0.0
 10
175.8789501174344
 20
-205.3443996339938
 30
0.0
 10
175.8789501174344
 20
-205.3443996339938
 30
0.0
 10
175.8789501174344
 20
-280.2786069381226
 30
0.0
 10
175.8789501174344
 20
-280.2786069381226
 30
0.0
 10
175.8789501174344
 20
-295.4229883091195
 30
0.0
 10
170.3429185229525
 20
-310.0664527965611
 30
0.0
 10
160.2354820698587
 20
-321.3443819726153
 30
0.0
 10
156.847273723809
 20
-325.1249866944349
 30
0.0
 10
154.809478212437
 20
-330.140916529878
 30
0.0
 10
154.8807486252881
 20
-335.6335829849393
 30
0.0
 10
155.0304810878157
 20
-347.1739638414292
 30
0.0
 10
164.6506303163677
 20
-356.3547557363779
 30
0.0
 10
176.1919801059629
 20
-356.3547557363779
 30
0.0
 10
176.1919801059629
 20
-356.3547557363779
 30
0.0
 10
207.9219985442109
 20
-356.3547557363779
 30
0.0
 10
207.9219985442109
 20
-356.3547557363779
 30
0.0
 10
217.3852452052566
 20
-356.3547557363779
 30
0.0
 10
226.2420474016643
 20
-360.8403131218668
 30
0.0
 10
231.9976607696373
 20
-368.3520639134459
 30
0.0
 10
235.6520673374629
 20
-373.1214971669193
 30
0.0
 10
241.4058074347657
 20
-376.197020033989
 30
0.0
 10
247.8789695967759
 20
-376.197020033989
 30
0.0
 10
254.3521102269393
 20
-376.197020033989
 30
0.0
 10
260.1058503242422
 20
-373.1214971669193
 30
0.0
 10
263.7602568920678
 20
-368.3520639134459
 30
0.0
 10
269.5158702600407
 20
-360.8403131218668
 30
0.0
 10
278.3726724564485
 20
-356.3547557363779
 30
0.0
 10
287.835940649341
 20
-356.3547557363779
 30
0.0
 10
287.835940649341
 20
-356.3547557363779
 30
0.0
 10
319.5659375557422
 20
-356.3547557363779
 30
0.0
 10
319.5659375557422
 20
-356.3547557363779
 30
0.0
 10
331.1072873453373
 20
-356.3547557363779
 30
0.0
 10
340.7274365738893
 20
-347.1739638414292
 30
0.0
 10
340.877169036417
 20
-335.6335829849393
 30
0.0
 10
340.9484394492681
 20
-330.140916529878
 30
0.0
 10
338.9106439378961
 20
-325.1249866944349
 30
0.0
 10
335.5224355918464
 20
-321.3443819726153
 30
0.0
  0
SPLINE
  5
42
330
1F
100
AcDbEntity
  8
Layer 1
 62
   250
420
  2301728
370
    35
100
AcDbSpline
210
0.0
220
0.0
230
1.0
 70
    11
 71
     3
 72
    17
 73
    13
 74
     0
 42
0.0000000001
 43
0.0000000001
 12
1.0
 22
0.0
 32
0.0
 13
1.0
 23
0.0
 33
0.0
 40
0.0
 40
0.0
 40
0.0
 40
0.0
 40
1.0
 40
1.0
 40
1.0
 40
2.0
 40
2.0
 40
2.0
 40
3.0
 40
3.0
 40
3.0
 40
4.0
 40
4.0
 40
4.0
 40
4.0
 10
171.8417073138104
 20
-340.6047696427677
 30
0.0
 10
168.942228826037
 20
-340.6047696427677
 30
0.0
 10
166.5917263038382
 20
-338.2542671205688
 30
0.0
 10
166.5917263038382
 20
-335.3547671009487
 30
0.0
 10
166.5917263038382
 20
-332.4552670813285
 30
0.0
 10
168.942228826037
 20
-330.1047645591296
 30
0.0
 10
171.8417073138104
 20
-330.1047645591296
 30
0.0
 10
174.7412073334306
 20
-330.1047645591296
 30
0.0
 10
177.0917098556294
 20
-332.4552670813285
 30
0.0
 10
177.0917098556294
 20
-335.3547671009487
 30
0.0
 10
177.0917098556294
 20
-338.2542671205688
 30
0.0
 10
174.7412073334306
 20
-340.6047696427677
 30
0.0
 10
171.8417073138104
 20
-340.6047696427677
 30
0.0
  0
SPLINE
  5
43
330
1F
100
AcDbEntity
  8
Layer 1
 62
   250
420
  2301728
370
    35
100
AcDbSpline
210
0.0
220
0.0
230
1.0
 70
    11
 71
     3
 72
    29
 73
    25
 74
     0
 42
0.0000000001
 43
0.0000000001
 12
1.0
 22
0.0
 32
0.0
 13
1.0
 23
0.0
 33
0.0
 40
0.0
 40
0.0
 40
0.0
 40
0.0
 40
1.0
 40
1.0
 40
1.0
 40
2.0
 40
2.0
 40
2.0
 40
3.0
 40
3.0
 40
3.0
 40
4.0
 40
4.0
 40
4.0
 40
5.0
 40
5.0
 40
5.0
 40
6.0
 40
6.0
 40
6.0
 40
7.0
 40
7.0
 40
7.0
 40
8.0
 40
8.0
 40
8.0
 40
8.0
 10
202.0997010467516
 20
-90.49998844851216
 30
0.0
 10
202.0997010467516
 20
-90.2238425135226
 30
0.0
 10
202.3235461259057
 20
-89.9999974343685
 30
0.0
 10
202.5996920608952
 20
-89.9999974343685
 30
0.0
 10
202.5996920608952
 20
-89.9999974343685
 30
0.0
 10
205.5997027412976
 20
-89.9999974343685
 30
0.0
 10
205.5997027412976
 20
-89.9999974343685
 30
0.0
 10
205.8758486762871
 20
-89.9999974343685
 30
0.0
 10
206.0996937554412
 20
-90.2238425135226
 30
0.0
 10
206.0996937554412
 20
-90.49998844851216
 30
0.0
 10
206.0996937554412
 20
-90.49998844851216
 30
0.0
 10
206.0996937554412
 20
-121.4999911534358
 30
0.0
 10
206.0996937554412
 20
-121.4999911534358
 30
0.0
 10
206.0996937554412
 20
-121.7761370884253
 30
0.0
 10
205.8758486762871
 20
-122.0000036994262
 30
0.0
 10
205.5997027412976
 20
-122.0000036994262
 30
0.0
 10
205.5997027412976
 20
-122.0000036994262
 30
0.0
 10
202.5996920608952
 20
-122.0000036994262
 30
0.0
 10
202.5996920608952
 20
-122.0000036994262
 30
0.0
 10
202.3235461259057
 20
-122.0000036994262
 30
0.0
 10
202.0997010467516
 20
-121.7761370884253
 30
0.0
 10
202.0997010467516
 20
-121.4999911534358
 30
0.0
 10
202.0997010467516
 20
-121.4999911534358
 30
0.0
 10
202.0997010467516
 20
-90.49998844851216
 30
0.0
 10
202.0997010467516
 20
-90.49998844851216
 30
0.0
  0
SPLINE
  5
44
330
1F
100
AcDbEntity
  8
Layer 1
 62
   250
420
  2301728
370
    35
100
AcDbSpline
210
0.0
220
0.0
230
1.0
 70
    11
 71
     3
 72
    17
 73
    13
 74
     0
 42
0.0000000001
 43
0.0000000001
 12
1.0
 22
0.0
 32
0.0
 13
1.0
 23
0.0
 33
0.0
 40
0.0
 40
0.0
 40
0.0
 40
0.0
 40
1.0
 40
1.0
 40
1.0
 40
2.0
 40
2.0
 40
2.0
 40
3.0
 40
3.0
 40
3.0
 40
4.0
 40
4.0
 40
4.0
 40
4.0
 10
197.6289575718493
 20
-339.8547723556288
 30
0.0
 10
195.14366568879
 20
-339.8547723556288
 30
0.0
 10
193.1289523171692
 20
-337.8400374521611
 30
0.0
 10
193.1289523171692
 20
-335.3547671009487
 30
0.0
 10
193.1289523171692
 20
-332.8694752178894
 30
0.0
 10
195.14366568879
 20
-330.8547618462685
 30
0.0
 10
197.6289575718493
 20
-330.8547618462685
 30
0.0
 10
200.1142494549085
 20
-330.8547618462685
 30
0.0
 10
202.1289628265294
 20
-332.8694752178894
 30
0.0
 10
202.1289628265294
 20
-335.3547671009487
 30
0.0
 10
202.1289628265294
 20
-337.8400374521611
 30
0.0
 10
200.1142494549085
 20
-339.8547723556288
 30
0.0
 10
197.6289575718493
 20
-339.8547723556288
 30
0.0
  0
SPLINE
  5
45
330
1F
100
AcDbEntity
  8
Layer 1
 62
   250
420
  2301728
370
    35
100
AcDbSpline
210
0.0
220
0.0
230
1.0
 70
    11
 71
     3
 72
    29
 73
    25
 74
     0
 42
0.0000000001
 43
0.0000000001
 12
1.0
 22
0.0
 32
0.0
 13
1.0
 23
0.0
 33
0.0
 40
0.0
 40
0.0
 40
0.0
 40
0.0
 40
1.0
 40
1.0
 40
1.0
 40
2.0
 40
2.0
 40
2.0
 40
3.0
 40
3.0
 40
3.0
 40
4.0
 40
4.0
 40
4.0
 40
5.0
 40
5.0
 40
5.0
 40
6.0
 40
6.0
 40
6.0
 40
7.0
 40
7.0
 40
7.0
 40
8.0
 40
8.0
 40
8.0
 40
8.0
 10
227.8790060533276
 20
-180.9999984288711
 30
0.0
 10
227.8790060533276
 20
-182.1045606369825
 30
0.0
 10
226.9835611411708
 20
-182.9999840172925
 30
0.0
 10
225.8789989330593
 20
-182.9999840172925
 30
0.0
 10
225.8789989330593
 20
-182.9999840172925
 30
0.0
 10
192.8790106397143
 20
-182.9999840172925
 30
0.0
 10
192.8790106397143
 20
-182.9999840172925
 30
0.0
 10
191.7744268997561
 20
-182.9999840172925
 30
0.0
 10
190.8790035194461
 20
-182.1045606369825
 30
0.0
 10
190.8790035194461
 20
-180.9999984288711
 30
0.0
 10
190.8790035194461
 20
-180.9999984288711
 30
0.0
 10
190.8790035194461
 20
-158.0000026731736
 30
0.0
 10
190.8790035194461
 20
-158.0000026731736
 30
0.0
 10
190.8790035194461
 20
-156.8954189332154
 30
0.0
 10
191.7744268997561
 20
-155.9999955529054
 30
0.0
 10
192.8790106397143
 20
-155.9999955529054
 30
0.0
 10
192.8790106397143
 20
-155.9999955529054
 30
0.0
 10
225.8789989330593
 20
-155.9999955529054
 30
0.0
 10
225.8789989330593
 20
-155.9999955529054
 30
0.0
 10
226.9835611411708
 20
-155.9999955529054
 30
0.0
 10
227.8790060533276
 20
-156.8954189332154
 30
0.0
 10
227.8790060533276
 20
-158.0000026731736
 30
0.0
 10
227.8790060533276
 20
-158.0000026731736
 30
0.0
 10
227.8790060533276
 20
-180.9999984288711
 30
0.0
 10
227.8790060533276
 20
-180.9999984288711
 30
0.0
  0
SPLINE
  5
46
330
1F
100
AcDbEntity
  8
Layer 1
 62
   250
420
  2301728
370
    35
100
AcDbSpline
210
0.0
220
0.0
230
1.0
 70
    11
 71
     3
 72
    17
 73
    13
 74
     0
 42
0.0000000001
 43
0.0000000001
 12
1.0
 22
0.0
 32
0.0
 13
1.0
 23
0.0
 33
0.0
 40
0.0
 40
0.0
 40
0.0
 40
0.0
 40
1.0
 40
1.0
 40
1.0
 40
2.0
 40
2.0
 40
2.0
 40
3.0
 40
3.0
 40
3.0
 40
4.0
 40
4.0
 40
4.0
 40
4.0
 10
247.8789695967759
 20
-360.697040213374
 30
0.0
 10
245.3936777137167
 20
-360.697040213374
 30
0.0
 10
243.3789643420958
 20
-358.6823053099063
 30
0.0
 10
243.3789643420958
 20
-356.1970349586938
 30
0.0
 10
243.3789643420958
 20
-353.7117430756346
 30
0.0
 10
245.3936777137167
 20
-351.6970297040137
 30
0.0
 10
247.8789695967759
 20
-351.6970297040137
 30
0.0
 10
250.3642399479884
 20
-351.6970297040137
 30
0.0
 10
252.3789533196093
 20
-353.7117430756346
 30
0.0
 10
252.3789533196093
 20
-356.1970349586938
 30
0.0
 10
252.3789533196093
 20
-358.6823053099063
 30
0.0
 10
250.3642399479884
 20
-360.697040213374
 30
0.0
 10
247.8789695967759
 20
-360.697040213374
 30
0.0
  0
SPLINE
  5
47
330
1F
100
AcDbEntity
  8
Layer 1
 62
   250
420
  2301728
370
    35
100
AcDbSpline
210
0.0
220
0.0
230
1.0
 70
    11
 71
     3
 72
    29
 73
    25
 74
     0
 42
0.0000000001
 43
0.0000000001
 12
1.0
 22
0.0
 32
0.0
 13
1.0
 23
0.0
 33
0.0
 40
0.0
 40
0.0
 40
0.0
 40
0.0
 40
1.0
 40
1.0
 40
1.0
 40
2.0
 40
2.0
 40
2.0
 40
3.0
 40
3.0
 40
3.0
 40
4.0
 40
4.0
 40
4.0
 40
5.0
 40
5.0
 40
5.0
 40
6.0
 40
6.0
 40
6.0
 40
7.0
 40
7.0
 40
7.0
 40
8.0
 40
8.0
 40
8.0
 40
8.0
 10
289.658202374417
 20
-90.49998844851216
 30
0.0
 10
289.658202374417
 20
-90.2238425135226
 30
0.0
 10
289.882068985418
 20
-89.9999974343685
 30
0.0
 10
290.1582149204075
 20
-89.9999974343685
 30
0.0
 10
290.1582149204075
 20
-89.9999974343685
 30
0.0
 10
293.1582040689631
 20
-89.9999974343685
 30
0.0
 10
293.1582040689631
 20
-89.9999974343685
 30
0.0
 10
293.4343500039526
 20
-89.9999974343685
 30
0.0
 10
293.6582166149535
 20
-90.2238425135226
 30
0.0
 10
293.6582166149535
 20
-90.49998844851216
 30
0.0
 10
293.6582166149535
 20
-90.49998844851216
 30
0.0
 10
293.6582166149535
 20
-121.4999911534358
 30
0.0
 10
293.6582166149535
 20
-121.4999911534358
 30
0.0
 10
293.6582166149535
 20
-121.7761370884253
 30
0.0
 10
293.4343500039526
 20
-122.0000036994262
 30
0.0
 10
293.1582040689631
 20
-122.0000036994262
 30
0.0
 10
293.1582040689631
 20
-122.0000036994262
 30
0.0
 10
290.1582149204075
 20
-122.0000036994262
 30
0.0
 10
290.1582149204075
 20
-122.0000036994262
 30
0.0
 10
289.882068985418
 20
-122.0000036994262
 30
0.0
 10
289.658202374417
 20
-121.7761370884253
 30
0.0
 10
289.658202374417
 20
-121.4999911534358
 30
0.0
 10
289.658202374417
 20
-121.4999911534358
 30
0.0
 10
289.658202374417
 20
-90.49998844851216
 30
0.0
 10
289.658202374417
 20
-90.49998844851216
 30
0.0
  0
SPLINE
  5
48
330
1F
100
AcDbEntity
  8
Layer 1
 62
   250
420
  2301728
370
    35
100
AcDbSpline
210
0.0
220
0.0
230
1.0
 70
    11
 71
     3
 72
    17
 73
    13
 74
     0
 42
0.0000000001
 43
0.0000000001
 12
1.0
 22
0.0
 32
0.0
 13
1.0
 23
0.0
 33
0.0
 40
0.0
 40
0.0
 40
0.0
 40
0.0
 40
1.0
 40
1.0
 40
1.0
 40
2.0
 40
2.0
 40
2.0
 40
3.0
 40
3.0
 40
3.0
 40
4.0
 40
4.0
 40
4.0
 40
4.0
 10
298.1289600898558
 20
-339.8513272601435
 30
0.0
 10
295.6436682067966
 20
-339.8513272601435
 30
0.0
 10
293.6289548351756
 20
-337.8365923566759
 30
0.0
 10
293.6289548351756
 20
-335.3513220054634
 30
0.0
 10
293.6289548351756
 20
-332.8660301224041
 30
0.0
 10
295.6436682067966
 20
-330.8513167507833
 30
0.0
 10
298.1289600898558
 20
-330.8513167507833
 30
0.0
 10
300.614251972915
 20
-330.8513167507833
 30
0.0
 10
302.6289653445359
 20
-332.8660301224041
 30
0.0
 10
302.6289653445359
 20
-335.3513220054634
 30
0.0
 10
302.6289653445359
 20
-337.8365923566759
 30
0.0
 10
300.614251972915
 20
-339.8513272601435
 30
0.0
 10
298.1289600898558
 20
-339.8513272601435
 30
0.0
  0
SPLINE
  5
49
330
1F
100
AcDbEntity
  8
Layer 1
 62
   250
420
  2301728
370
    35
100
AcDbSpline
210
0.0
220
0.0
230
1.0
 70
    11
 71
     3
 72
    29
 73
    25
 74
     0
 42
0.0000000001
 43
0.0000000001
 12
1.0
 22
0.0
 32
0.0
 13
1.0
 23
0.0
 33
0.0
 40
0.0
 40
0.0
 40
0.0
 40
0.0
 40
1.0
 40
1.0
 40
1.0
 40
2.0
 40
2.0
 40
2.0
 40
3.0
 40
3.0
 40
3.0
 40
4.0
 40
4.0
 40
4.0
 40
5.0
 40
5.0
 40
5.0
 40
6.0
 40
6.0
 40
6.0
 40
7.0
 40
7.0
 40
7.0
 40
8.0
 40
8.0
 40
8.0
 40
8.0
 10
304.8790002696462
 20
-180.9999984288711
 30
0.0
 10
304.8790002696462
 20
-182.1045606369825
 30
0.0
 10
303.9835768893362
 20
-182.9999840172925
 30
0.0
 10
302.8789931493779
 20
-182.9999840172925
 30
0.0
 10
302.8789931493779
 20
-182.9999840172925
 30
0.0
 10
269.8790048560329
 20
-182.9999840172925
 30
0.0
 10
269.8790048560329
 20
-182.9999840172925
 30
0.0
 10
268.7744211160746
 20
-182.9999840172925
 30
0.0
 10
267.8789977357646
 20
-182.1045606369825
 30
0.0
 10
267.8789977357646
 20
-180.9999984288711
 30
0.0
 10
267.8789977357646
 20
-180.9999984288711
 30
0.0
 10
267.8789977357646
 20
-158.0000026731736
 30
0.0
 10
267.8789977357646
 20
-158.0000026731736
 30
0.0
 10
267.8789977357646
 20
-156.8954189332154
 30
0.0
 10
268.7744211160746
 20
-155.9999955529054
 30
0.0
 10
269.8790048560329
 20
-155.9999955529054
 30
0.0
 10
269.8790048560329
 20
-155.9999955529054
 30
0.0
 10
302.8789931493779
 20
-155.9999955529054
 30
0.0
 10
302.8789931493779
 20
-155.9999955529054
 30
0.0
 10
303.9835768893362
 20
-155.9999955529054
 30
0.0
 10
304.8790002696462
 20
-156.8954189332154
 30
0.0
 10
304.8790002696462
 20
-158.0000026731736
 30
0.0
 10
304.8790002696462
 20
-158.0000026731736
 30
0.0
 10
304.8790002696462
 20
-180.9999984288711
 30
0.0
 10
304.8790002696462
 20
-180.9999984288711
 30
0.0
  0
SPLINE
  5
4A
330
1F
100
AcDbEntity
  8
Layer 1
 62
   250
420
  2301728
370
    35
100
AcDbSpline
210
0.0
220
0.0
230
1.0
 70
    11
 71
     3
 72
    17
 73
    13
 74
     0
 42
0.0000000001
 43
0.0000000001
 12
1.0
 22
0.0
 32
0.0
 13
1.0
 23
0.0
 33
0.0
 40
0.0
 40
0.0
 40
0.0
 40
0.0
 40
1.0
 40
1.0
 40
1.0
 40
2.0
 40
2.0
 40
2.0
 40
3.0
 40
3.0
 40
3.0
 40
4.0
 40
4.0
 40
4.0
 40
4.0
 10
324.0284558651734
 20
-340.6047696427677
 30
0.0
 10
321.1289558455533
 20
-340.6047696427677
 30
0.0
 10
318.7784533233544
 20
-338.2542671205688
 30
0.0
 10
318.7784533233544
 20
-335.3547671009487
 30
0.0
 10
318.7784533233544
 20
-332.4552670813285
 30
0.0
 10
321.1289558455533
 20
-330.1047645591296
 30
0.0
 10
324.0284558651734
 20
-330.1047645591296
 30
0.0
 10
326.9279558847936
 20
-330.1047645591296
 30
0.0
 10
329.2784584069925
 20
-332.4552670813285
 30
0.0
 10
329.2784584069925
 20
-335.3547671009487
 30
0.0
 10
329.2784584069925
 20
-338.2542671205688
 30
0.0
 10
326.9279558847936
 20
-340.6047696427677
 30
0.0
 10
324.0284558651734
 20
-340.6047696427677
 30
0.0
  0
HATCH
  5
4B
330
1F
100
AcDbEntity
  8
Layer 1
 62
   252
420
  9672087
100
AcDbHatch
 10
0.0
 20
0.0
 30
0.0
210
0.0
220
0.0
230
1.0
  2
SOLID
 70
     1
 71
     0
 91
       10
 92
        1
 93
        1
 72
     4
 94
        3
 73
     0
 74
     1
 95
      116
 96
      112
 40
0.0
 40
0.0
 40
0.0
 40
0.0
 40
1.0
 40
1.0
 40
1.0
 40
2.0
 40
2.0
 40
2.0
 40
3.0
 40
3.0
 40
3.0
 40
4.0
 40
4.0
 40
4.0
 40
5.0
 40
5.0
 40
5.0
 40
6.0
 40
6.0
 40
6.0
 40
7.0
 40
7.0
 40
7.0
 40
8.0
 40
8.0
 40
8.0
 40
9.0
 40
9.0
 40
9.0
 40
10.0
 40
10.0
 40
10.0
 40
11.0
 40
11.0
 40
11.0
 40
12.0
 40
12.0
 40
12.0
 40
13.0
 40
13.0
 40
13.0
 40
14.0
 40
14.0
 40
14.0
 40
15.0
 40
15.0
 40
15.0
 40
16.0
 40
16.0
 40
16.0
 40
17.0
 40
17.0
 40
17.0
 40
18.0
 40
18.0
 40
18.0
 40
19.0
 40
19.0
 40
19.0
 40
20.0
 40
20.0
 40
20.0
 40
21.0
 40
21.0
 40
21.0
 40
22.0
 40
22.0
 40
22.0
 40
23.0
 40
23.0
 40
23.0
 40
24.0
 40
24.0
 40
24.0
 40
25.0
 40
25.0
 40
25.0
 40
26.0
 40
26.0
 40
26.0
 40
27.0
 40
27.0
 40
27.0
 40
28.0
 40
28.0
 40
28.0
 40
29.0
 40
29.0
 40
29.0
 40
30.0
 40
30.0
 40
30.0
 40
31.0
 40
31.0
 40
31.0
 40
32.0
 40
32.0
 40
32.0
 40
33.0
 40
33.0
 40
33.0
 40
34.0
 40
34.0
 40
34.0
 40
35.0
 40
35.0
 40
35.0
 40
36.0
 40
36.0
 40
36.0
 40
37.0
 40
37.0
 40
37.0
 40
37.0
 10
335.5224355918464
 20
-321.3443819726153
 10
325.4149991387526
 20
-310.0664527965611
 10
319.8789675442707
 20
-295.4229883091195
 10
319.8789675442707
 20
-280.2786069381226
 10
319.8789675442707
 20
-280.2786069381226
 10
319.8789675442707
 20
-205.3443996339938
 10
319.8789675442707
 20
-205.3443996339938
 10
319.8789675442707
 20
-205.3443996339938
 10
319.8789675442707
 20
-85.99998319383204
 10
319.8789675442707
 20
-85.99998319383204
 10
319.8789675442707
 20
-85.99998319383204
 10
319.8789675442707
 20
-47.47643024529236
 10
319.8789675442707
 20
-47.47643024529236
 10
319.8789675442707
 20
-46.66101920762728
 10
319.2179398480384
 20
-45.99999151139497
 10
318.4025288103733
 20
-45.99999151139497
 10
318.4025288103733
 20
-45.99999151139497
 10
317.3553920376316
 20
-45.99999151139497
 10
317.3553920376316
 20
-45.99999151139497
 10
316.5399809999666
 20
-45.99999151139497
 10
315.8789533037342
 20
-46.66101920762728
 10
315.8789533037342
 20
-47.47643024529236
 10
315.8789533037342
 20
-47.47643024529236
 10
315.8789533037342
 20
-84.88829394443549
 10
315.8789533037342
 20
-84.88829394443549
 10
315.8789533037342
 20
-85.50225302360057
 10
315.3812446653496
 20
-85.99998319383204
 10
314.7672640543377
 20
-85.99998319383204
 10
314.7672640543377
 20
-85.99998319383204
 10
293.0458293606036
 20
-85.99998319383204
 10
293.0458293606036
 20
-85.99998319383204
 10
291.8491969756489
 20
-85.99998319383204
 10
290.8791226825428
 20
-85.02990890072603
 10
290.8791226825428
 20
-83.83327651577129
 10
290.8791226825428
 20
-83.83327651577129
 10
290.8791226825428
 20
-24.39250335083547
 10
290.8791226825428
 20
-24.39250335083547
 10
290.8791226825428
 20
-1.532055494137385
 10
271.6273692829504
 20
16.99999592673959
 10
247.8791418515502
 20
16.99999592673959
 10
224.1308928883032
 20
16.99999592673959
 10
204.8791394887108
 20
-1.532055494137385
 10
204.8791394887108
 20
-24.39250335083547
 10
204.8791394887108
 20
-24.39250335083547
 10
204.8791394887108
 20
-83.81114177727855
 10
204.8791394887108
 20
-83.81114177727855
 10
204.8791394887108
 20
-85.02000425120595
 10
203.8991605460847
 20
-85.99998319383204
 10
202.6903196040041
 20
-85.99998319383204
 10
202.6903196040041
 20
-85.99998319383204
 10
180.8971192649428
 20
-85.99998319383204
 10
180.8971192649428
 20
-85.99998319383204
 10
180.334987340984
 20
-85.99998319383204
 10
179.8793088675193
 20
-85.54428318852062
 10
179.8793088675193
 20
-84.98217279640853
 10
179.8793088675193
 20
-84.98217279640853
 10
179.8793088675193
 20
-47.5475284033692
 10
179.8793088675193
 20
-47.5475284033692
 10
179.8793088675193
 20
-46.69284327717228
 10
179.186457101742
 20
-45.99999151139497
 10
178.3317719755451
 20
-45.99999151139497
 10
178.3317719755451
 20
-45.99999151139497
 10
177.4268530508039
 20
-45.99999151139497
 10
177.4268530508039
 20
-45.99999151139497
 10
176.572167924607
 20
-45.99999151139497
 10
175.8793161588297
 20
-46.69284327717228
 10
175.8793161588297
 20
-47.5475284033692
 10
175.8793161588297
 20
-47.5475284033692
 10
175.8793161588297
 20
-85.99998319383204
 10
175.8793161588297
 20
-85.99998319383204
 10
175.8793161588297
 20
-85.99998319383204
 10
175.8789501174344
 20
-85.99998319383204
 10
175.8789501174344
 20
-85.99998319383204
 10
175.8789501174344
 20
-85.99998319383204
 10
175.8789501174344
 20
-205.3443996339938
 10
175.8789501174344
 20
-205.3443996339938
 10
175.8789501174344
 20
-205.3443996339938
 10
175.8789501174344
 20
-280.2786069381226
 10
175.8789501174344
 20
-280.2786069381226
 10
175.8789501174344
 20
-295.4229883091195
 10
170.3429185229525
 20
-310.0664527965611
 10
160.2354820698587
 20
-321.3443819726153
 10
156.847273723809
 20
-325.1249866944349
 10
154.809478212437
 20
-330.140916529878
 10
154.8807486252881
 20
-335.6335829849393
 10
155.0304810878157
 20
-347.1739638414292
 10
164.6506303163677
 20
-356.3547557363779
 10
176.1919801059629
 20
-356.3547557363779
 10
176.1919801059629
 20
-356.3547557363779
 10
207.9219985442109
 20
-356.3547557363779
 10
207.9219985442109
 20
-356.3547557363779
 10
217.3852452052566
 20
-356.3547557363779
 10
226.2420474016643
 20
-360.8403131218668
 10
231.9976607696373
 20
-368.3520639134459
 10
235.6520673374629
 20
-373.1214971669193
 10
241.4058074347657
 20
-376.197020033989
 10
247.8789695967759
 20
-376.197020033989
 10
254.3521102269393
 20
-376.197020033989
 10
260.1058503242422
 20
-373.1214971669193
 10
263.7602568920678
 20
-368.3520639134459
 10
269.5158702600407
 20
-360.8403131218668
 10
278.3726724564485
 20
-356.3547557363779
 10
287.835940649341
 20
-356.3547557363779
 10
287.835940649341
 20
-356.3547557363779
 10
319.5659375557422
 20
-356.3547557363779
 10
319.5659375557422
 20
-356.3547557363779
 10
331.1072873453373
 20
-356.3547557363779
 10
340.7274365738893
 20
-347.1739638414292
 10
340.877169036417
 20
-335.6335829849393
 10
340.9484394492681
 20
-330.140916529878
 10
338.9106439378961
 20
-325.1249866944349
 10
335.5224355918464
 20
-321.3443819726153
 97
        0
 97
        0
 92
        1
 93
        1
 72
     4
 94
        3
 73
     0
 74
     1
 95
       17
 96
       13
 40
0.0
 40
0.0
 40
0.0
 40
0.0
 40
1.0
 40
1.0
 40
1.0
 40
2.0
 40
2.0
 40
2.0
 40
3.0
 40
3.0
 40
3.0
 40
4.0
 40
4.0
 40
4.0
 40
4.0
 10
171.8417073138104
 20
-340.6047696427677
 10
168.942228826037
 20
-340.6047696427677
 10
166.5917263038382
 20
-338.2542671205688
 10
166.5917263038382
 20
-335.3547671009487
 10
166.5917263038382
 20
-332.4552670813285
 10
168.942228826037
 20
-330.1047645591296
 10
171.8417073138104
 20
-330.1047645591296
 10
174.7412073334306
 20
-330.1047645591296
 10
177.0917098556294
 20
-332.4552670813285
 10
177.0917098556294
 20
-335.3547671009487
 10
177.0917098556294
 20
-338.2542671205688
 10
174.7412073334306
 20
-340.6047696427677
 10
171.8417073138104
 20
-340.6047696427677
 97
        0
 97
        0
 92
        1
 93
        1
 72
     4
 94
        3
 73
     0
 74
     1
 95
       29
 96
       25
 40
0.0
 40
0.0
 40
0.0
 40
0.0
 40
1.0
 40
1.0
 40
1.0
 40
2.0
 40
2.0
 40
2.0
 40
3.0
 40
3.0
 40
3.0
 40
4.0
 40
4.0
 40
4.0
 40
5.0
 40
5.0
 40
5.0
 40
6.0
 40
6.0
 40
6.0
 40
7.0
 40
7.0
 40
7.0
 40
8.0
 40
8.0
 40
8.0
 40
8.0
 10
202.0997010467516
 20
-90.49998844851216
 10
202.0997010467516
 20
-90.2238425135226
 10
202.3235461259057
 20
-89.9999974343685
 10
202.5996920608952
 20
-89.9999974343685
 10
202.5996920608952
 20
-89.9999974343685
 10
205.5997027412976
 20
-89.9999974343685
 10
205.5997027412976
 20
-89.9999974343685
 10
205.8758486762871
 20
-89.9999974343685
 10
206.0996937554412
 20
-90.2238425135226
 10
206.0996937554412
 20
-90.49998844851216
 10
206.0996937554412
 20
-90.49998844851216
 10
206.0996937554412
 20
-121.4999911534358
 10
206.0996937554412
 20
-121.4999911534358
 10
206.0996937554412
 20
-121.7761370884253
 10
205.8758486762871
 20
-122.0000036994262
 10
205.5997027412976
 20
-122.0000036994262
 10
205.5997027412976
 20
-122.0000036994262
 10
202.5996920608952
 20
-122.0000036994262
 10
202.5996920608952
 20
-122.0000036994262
 10
202.3235461259057
 20
-122.0000036994262
 10
202.0997010467516
 20
-121.7761370884253
 10
202.0997010467516
 20
-121.4999911534358
 10
202.0997010467516
 20
-121.4999911534358
 10
202.0997010467516
 20
-90.49998844851216
 10
202.0997010467516
 20
-90.49998844851216
 97
        0
 97
        0
 92
        1
 93
        1
 72
     4
 94
        3
 73
     0
 74
     1
 95
       17
 96
       13
 40
0.0
 40
0.0
 40
0.0
 40
0.0
 40
1.0
 40
1.0
 40
1.0
 40
2.0
 40
2.0
 40
2.0
 40
3.0
 40
3.0
 40
3.0
 40
4.0
 40
4.0
 40
4.0
 40
4.0
 10
197.6289575718493
 20
-339.8547723556288
 10
195.14366568879
 20
-339.8547723556288
 10
193.1289523171692
 20
-337.8400374521611
 10
193.1289523171692
 20
-335.3547671009487
 10
193.1289523171692
 20
-332.8694752178894
 10
195.14366568879
 20
-330.8547618462685
 10
197.6289575718493
 20
-330.8547618462685
 10
200.1142494549085
 20
-330.8547618462685
 10
202.1289628265294
 20
-332.8694752178894
 10
202.1289628265294
 20
-335.3547671009487
 10
202.1289628265294
 20
-337.8400374521611
 10
200.1142494549085
 20
-339.8547723556288
 10
197.6289575718493
 20
-339.8547723556288
 97
        0
 97
        0
 92
        1
 93
        1
 72
     4
 94
        3
 73
     0
 74
     1
 95
       29
 96
       25
 40
0.0
 40
0.0
 40
0.0
 40
0.0
 40
1.0
 40
1.0
 40
1.0
 40
2.0
 40
2.0
 40
2.0
 40
3.0
 40
3.0
 40
3.0
 40
4.0
 40
4.0
 40
4.0
 40
5.0
 40
5.0
 40
5.0
 40
6.0
 40
6.0
 40
6.0
 40
7.0
 40
7.0
 40
7.0
 40
8.0
 40
8.0
 40
8.0
 40
8.0
 10
227.8790060533276
 20
-180.9999984288711
 10
227.8790060533276
 20
-182.1045606369825
 10
226.9835611411708
 20
-182.9999840172925
 10
225.8789989330593
 20
-182.9999840172925
 10
225.8789989330593
 20
-182.9999840172925
 10
192.8790106397143
 20
-182.9999840172925
 10
192.8790106397143
 20
-182.9999840172925
 10
191.7744268997561
 20
-182.9999840172925
 10
190.8790035194461
 20
-182.1045606369825
 10
190.8790035194461
 20
-180.9999984288711
 10
190.8790035194461
 20
-180.9999984288711
 10
190.8790035194461
 20
-158.0000026731736
 10
190.8790035194461
 20
-158.0000026731736
 10
190.8790035194461
 20
-156.8954189332154
 10
191.7744268997561
 20
-155.9999955529054
 10
192.8790106397143
 20
-155.9999955529054
 10
192.8790106397143
 20
-155.9999955529054
 10
225.8789989330593
 20
-155.9999955529054
 10
225.8789989330593
 20
-155.9999955529054
 10
226.9835611411708
 20
-155.9999955529054
 10
227.8790060533276
 20
-156.8954189332154
 10
227.8790060533276
 20
-158.0000026731736
 10
227.8790060533276
 20
-158.0000026731736
 10
227.8790060533276
 20
-180.9999984288711
 10
227.8790060533276
 20
-180.9999984288711
 97
        0
 97
        0
 92
        1
 93
        1
 72
     4
 94
        3
 73
     0
 74
     1
 95
       17
 96
       13
 40
0.0
 40
0.0
 40
0.0
 40
0.0
 40
1.0
 40
1.0
 40
1.0
 40
2.0
 40
2.0
 40
2.0
 40
3.0
 40
3.0
 40
3.0
 40
4.0
 40
4.0
 40
4.0
 40
4.0
 10
247.8789695967759
 20
-360.697040213374
 10
245.3936777137167
 20
-360.697040213374
 10
243.3789643420958
 20
-358.6823053099063
 10
243.3789643420958
 20
-356.1970349586938
 10
243.3789643420958
 20
-353.7117430756346
 10
245.3936777137167
 20
-351.6970297040137
 10
247.8789695967759
 20
-351.6970297040137
 10
250.3642399479884
 20
-351.6970297040137
 10
252.3789533196093
 20
-353.7117430756346
 10
252.3789533196093
 20
-356.1970349586938
 10
252.3789533196093
 20
-358.6823053099063
 10
250.3642399479884
 20
-360.697040213374
 10
247.8789695967759
 20
-360.697040213374
 97
        0
 97
        0
 92
        1
 93
        1
 72
     4
 94
        3
 73
     0
 74
     1
 95
       29
 96
       25
 40
0.0
 40
0.0
 40
0.0
 40
0.0
 40
1.0
 40
1.0
 40
1.0
 40
2.0
 40
2.0
 40
2.0
 40
3.0
 40
3.0
 40
3.0
 40
4.0
 40
4.0
 40
4.0
 40
5.0
 40
5.0
 40
5.0
 40
6.0
 40
6.0
 40
6.0
 40
7.0
 40
7.0
 40
7.0
 40
8.0
 40
8.0
 40
8.0
 40
8.0
 10
289.658202374417
 20
-90.49998844851216
 10
289.658202374417
 20
-90.2238425135226
 10
289.882068985418
 20
-89.9999974343685
 10
290.1582149204075
 20
-89.9999974343685
 10
290.1582149204075
 20
-89.9999974343685
 10
293.1582040689631
 20
-89.9999974343685
 10
293.1582040689631
 20
-89.9999974343685
 10
293.4343500039526
 20
-89.9999974343685
 10
293.6582166149535
 20
-90.2238425135226
 10
293.6582166149535
 20
-90.49998844851216
 10
293.6582166149535
 20
-90.49998844851216
 10
293.6582166149535
 20
-121.4999911534358
 10
293.6582166149535
 20
-121.4999911534358
 10
293.6582166149535
 20
-121.7761370884253
 10
293.4343500039526
 20
-122.0000036994262
 10
293.1582040689631
 20
-122.0000036994262
 10
293.1582040689631
 20
-122.0000036994262
 10
290.1582149204075
 20
-122.0000036994262
 10
290.1582149204075
 20
-122.0000036994262
 10
289.882068985418
 20
-122.0000036994262
 10
289.658202374417
 20
-121.7761370884253
 10
289.658202374417
 20
-121.4999911534358
 10
289.658202374417
 20
-121.4999911534358
 10
289.658202374417
 20
-90.49998844851216
 10
289.658202374417
 20
-90.49998844851216
 97
        0
 97
        0
 92
        1
 93
        1
 72
     4
 94
        3
 73
     0
 74
     1
 95
       17
 96
       13
 40
0.0
 40
0.0
 40
0.0
 40
0.0
 40
1.0
 40
1.0
 40
1.0
 40
2.0
 40
2.0
 40
2.0
 40
3.0
 40
3.0
 40
3.0
 40
4.0
 40
4.0
 40
4.0
 40
4.0
 10
298.1289600898558
 20
-339.8513272601435
 10
295.6436682067966
 20
-339.8513272601435
 10
293.6289548351756
 20
-337.8365923566759
 10
293.6289548351756
 20
-335.3513220054634
 10
293.6289548351756
 20
-332.8660301224041
 10
295.6436682067966
 20
-330.8513167507833
 10
298.1289600898558
 20
-330.8513167507833
 10
300.614251972915
 20
-330.8513167507833
 10
302.6289653445359
 20
-332.8660301224041
 10
302.6289653445359
 20
-335.3513220054634
 10
302.6289653445359
 20
-337.8365923566759
 10
300.614251972915
 20
-339.8513272601435
 10
298.1289600898558
 20
-339.8513272601435
 97
        0
 97
        0
 92
        1
 93
        1
 72
     4
 94
        3
 73
     0
 74
     1
 95
       29
 96
       25
 40
0.0
 40
0.0
 40
0.0
 40
0.0
 40
1.0
 40
1.0
 40
1.0
 40
2.0
 40
2.0
 40
2.0
 40
3.0
 40
3.0
 40
3.0
 40
4.0
 40
4.0
 40
4.0
 40
5.0
 40
5.0
 40
5.0
 40
6.0
 40
6.0
 40
6.0
 40
7.0
 40
7.0
 40
7.0
 40
8.0
 40
8.0
 40
8.0
 40
8.0
 10
304.8790002696462
 20
-180.9999984288711
 10
304.8790002696462
 20
-182.1045606369825
 10
303.9835768893362
 20
-182.9999840172925
 10
302.8789931493779
 20
-182.9999840172925
 10
302.8789931493779
 20
-182.9999840172925
 10
269.8790048560329
 20
-182.9999840172925
 10
269.8790048560329
 20
-182.9999840172925
 10
268.7744211160746
 20
-182.9999840172925
 10
267.8789977357646
 20
-182.1045606369825
 10
267.8789977357646
 20
-180.9999984288711
 10
267.8789977357646
 20
-180.9999984288711
 10
267.8789977357646
 20
-158.0000026731736
 10
267.8789977357646
 20
-158.0000026731736
 10
267.8789977357646
 20
-156.8954189332154
 10
268.7744211160746
 20
-155.9999955529054
 10
269.8790048560329
 20
-155.9999955529054
 10
269.8790048560329
 20
-155.9999955529054
 10
302.8789931493779
 20
-155.9999955529054
 10
302.8789931493779
 20
-155.9999955529054
 10
303.9835768893362
 20
-155.9999955529054
 10
304.8790002696462
 20
-156.8954189332154
 10
304.8790002696462
 20
-158.0000026731736
 10
304.8790002696462
 20
-158.0000026731736
 10
304.8790002696462
 20
-180.9999984288711
 10
304.8790002696462
 20
-180.9999984288711
 97
        0
 97
        0
 92
        1
 93
        1
 72
     4
 94
        3
 73
     0
 74
     1
 95
       17
 96
       13
 40
0.0
 40
0.0
 40
0.0
 40
0.0
 40
1.0
 40
1.0
 40
1.0
 40
2.0
 40
2.0
 40
2.0
 40
3.0
 40
3.0
 40
3.0
 40
4.0
 40
4.0
 40
4.0
 40
4.0
 10
324.0284558651734
 20
-340.6047696427677
 10
321.1289558455533
 20
-340.6047696427677
 10
318.7784533233544
 20
-338.2542671205688
 10
318.7784533233544
 20
-335.3547671009487
 10
318.7784533233544
 20
-332.4552670813285
 10
321.1289558455533
 20
-330.1047645591296
 10
324.0284558651734
 20
-330.1047645591296
 10
326.9279558847936
 20
-330.1047645591296
 10
329.2784584069925
 20
-332.4552670813285
 10
329.2784584069925
 20
-335.3547671009487
 10
329.2784584069925
 20
-338.2542671205688
 10
326.9279558847936
 20
-340.6047696427677
 10
324.0284558651734
 20
-340.6047696427677
 97
        0
 97
        0
 75
     2
 76
     1
 98
        0
  0
ENDSEC
  0
SECTION
  2
OBJECTS
  0
DICTIONARY
  5
C
330
0
100
AcDbDictionary
281
     1
  3
ACAD_GROUP
350
D
  3
ACAD_LAYOUT
350
1A
  3
ACAD_MATERIAL
350
3B
  3
ACAD_MLEADERSTYLE
350
4D
  3
ACAD_MLINESTYLE
350
17
  3
ACAD_PLOTSETTINGS
350
19
  3
ACAD_PLOTSTYLENAME
350
E
  3
ACAD_TABLESTYLE
350
4C
  3
ACAD_VISUALSTYLE
350
2A
  0
SUN
  5
3F
330
29
100
AcDbSun
 90
        1
290
     0
 63
     7
421
 16777215
 40
1.0
291
     1
 91
  2455826
 92
 54000000
292
     0
 70
     2
 71
   256
280
     1
  0
DICTIONARY
  5
D
102
{ACAD_REACTORS
330
C
102
}
330
C
100
AcDbDictionary
281
     1
  0
DICTIONARY
  5
1A
102
{ACAD_REACTORS
330
C
102
}
330
C
100
AcDbDictionary
281
     1
  3
Layout1
350
1E
  3
Layout2
350
26
  3
Model
350
22
  0
DICTIONARY
  5
3B
102
{ACAD_REACTORS
330
C
102
}
330
C
100
AcDbDictionary
281
     1
  3
ByBlock
350
3D
  3
ByLayer
350
3C
  3
Global
350
3E
  0
DICTIONARY
  5
4D
102
{ACAD_REACTORS
330
C
102
}
330
C
100
AcDbDictionary
281
     1
  0
DICTIONARY
  5
17
102
{ACAD_REACTORS
330
C
102
}
330
C
100
AcDbDictionary
281
     1
  3
Standard
350
18
  0
DICTIONARY
  5
19
102
{ACAD_REACTORS
330
C
102
}
330
C
100
AcDbDictionary
281
     1
  0
ACDBDICTIONARYWDFLT
  5
E
102
{ACAD_REACTORS
330
C
102
}
330
C
100
AcDbDictionary
281
     1
  3
Normal
350
F
100
AcDbDictionaryWithDefault
340
F
  0
DICTIONARY
  5
4C
102
{ACAD_REACTORS
330
C
102
}
330
C
100
AcDbDictionary
281
     1
  0
DICTIONARY
  5
2A
102
{ACAD_REACTORS
330
C
102
}
330
C
100
AcDbDictionary
281
     1
  3
2dWireframe
350
2F
  3
3D Hidden
350
31
  3
3dWireframe
350
30
  3
Basic
350
32
  3
Brighten
350
36
  3
ColorChange
350
3A
  3
Conceptual
350
34
  3
Dim
350
35
  3
Facepattern
350
39
  3
Flat
350
2B
  3
FlatWithEdges
350
2C
  3
Gouraud
350
2D
  3
GouraudWithEdges
350
2E
  3
Linepattern
350
38
  3
Realistic
350
33
  3
Thicken
350
37
  0
LAYOUT
  5
1E
102
{ACAD_REACTORS
330
1A
102
}
330
1A
100
AcDbPlotSettings
  1

  2
none_device
  4

  6

 40
0.0
 41
0.0
 42
0.0
 43
0.0
 44
0.0
 45
0.0
 46
0.0
 47
0.0
 48
0.0
 49
0.0
140
0.0
141
0.0
142
1.0
143
1.0
 70
   688
 72
     0
 73
     0
 74
     5
  7

 75
    16
 76
     0
 77
     2
 78
   300
147
1.0
148
0.0
149
0.0
100
AcDbLayout
  1
Layout1
 70
     1
 71
     1
 10
0.0
 20
0.0
 11
12.0
 21
9.0
 12
0.0
 22
0.0
 32
0.0
 14
1.000000000000000E+20
 24
1.000000000000000E+20
 34
1.000000000000000E+20
 15
-1.000000000000000E+20
 25
-1.000000000000000E+20
 35
-1.000000000000000E+20
146
0.0
 13
0.0
 23
0.0
 33
0.0
 16
1.0
 26
0.0
 36
0.0
 17
0.0
 27
1.0
 37
0.0
 76
     0
330
1B
  0
LAYOUT
  5
26
102
{ACAD_REACTORS
330
1A
102
}
330
1A
100
AcDbPlotSettings
  1

  2
none_device
  4

  6

 40
0.0
 41
0.0
 42
0.0
 43
0.0
 44
0.0
 45
0.0
 46
0.0
 47
0.0
 48
0.0
 49
0.0
140
0.0
141
0.0
142
1.0
143
1.0
 70
   688
 72
     0
 73
     0
 74
     5
  7

 75
    16
 76
     0
 77
     2
 78
   300
147
1.0
148
0.0
149
0.0
100
AcDbLayout
  1
Layout2
 70
     1
 71
     2
 10
0.0
 20
0.0
 11
0.0
 21
0.0
 12
0.0
 22
0.0
 32
0.0
 14
0.0
 24
0.0
 34
0.0
 15
0.0
 25
0.0
 35
0.0
146
0.0
 13
0.0
 23
0.0
 33
0.0
 16
1.0
 26
0.0
 36
0.0
 17
0.0
 27
1.0
 37
0.0
 76
     0
330
23
  0
LAYOUT
  5
22
102
{ACAD_REACTORS
330
1A
102
}
330
1A
100
AcDbPlotSettings
  1

  2
none_device
  4

  6

 40
0.0
 41
0.0
 42
0.0
 43
0.0
 44
0.0
 45
0.0
 46
0.0
 47
0.0
 48
0.0
 49
0.0
140
0.0
141
0.0
142
1.0
143
1.0
 70
  1712
 72
     0
 73
     0
 74
     0
  7

 75
     0
 76
     0
 77
     2
 78
   300
147
1.0
148
0.0
149
0.0
100
AcDbLayout
  1
Model
 70
     1
 71
     0
 10
0.0
 20
0.0
 11
12.0
 21
9.0
 12
0.0
 22
0.0
 32
0.0
 14
1.000000000000000E+20
 24
1.000000000000000E+20
 34
1.000000000000000E+20
 15
-1.000000000000000E+20
 25
-1.000000000000000E+20
 35
-1.000000000000000E+20
146
0.0
 13
0.0
 23
0.0
 33
0.0
 16
1.0
 26
0.0
 36
0.0
 17
0.0
 27
1.0
 37
0.0
 76
     0
330
1F
331
29
  0
MATERIAL
  5
3D
102
{ACAD_REACTORS
330
3B
102
}
330
3B
100
AcDbMaterial
  1
ByBlock
 72
     1
 94
      127
  0
MATERIAL
  5
3C
102
{ACAD_REACTORS
330
3B
102
}
330
3B
100
AcDbMaterial
  1
ByLayer
 72
     1
 94
      127
  0
MATERIAL
  5
3E
102
{ACAD_REACTORS
330
3B
102
}
330
3B
100
AcDbMaterial
  1
Global
 72
     1
 94
      127
  0
MLINESTYLE
  5
18
102
{ACAD_REACTORS
330
17
102
}
330
17
100
AcDbMlineStyle
  2
Standard
 70
     0
  3

 62
   256
 51
90.0
 52
90.0
 71
     2
 49
0.5
 62
   256
  6
BYLAYER
 49
-0.5
 62
   256
  6
BYLAYER
  0
ACDBPLACEHOLDER
  5
F
102
{ACAD_REACTORS
330
E
102
}
330
E
  0
VISUALSTYLE
  5
2F
102
{ACAD_REACTORS
330
2A
102
}
330
2A
100
AcDbVisualStyle
  2
2dWireframe
 70
     4
177
     2
291
     0
 71
     0
176
     1
 72
     2
176
     1
 73
     0
176
     1
 90
        0
176
     1
 40
-0.6
176
     1
 41
-30.0
176
     1
 62
     5
 63
     7
421
 16777215
176
     1
 74
     1
176
     1
 91
        4
176
     1
 64
     7
176
     1
 65
   257
176
     1
 75
     1
176
     1
175
     1
176
     1
 42
1.0
176
     1
 92
        0
176
     1
 66
   257
176
     1
 43
1.0
176
     1
 76
     1
176
     1
 77
     6
176
     1
 78
     2
176
     1
 67
     7
176
     1
 79
     5
176
     1
170
     0
176
     1
171
     0
176
     1
290
     0
176
     1
 93
        1
176
     1
 44
0.0
176
     1
173
     0
176
     1
  0
VISUALSTYLE
  5
31
102
{ACAD_REACTORS
330
2A
102
}
330
2A
100
AcDbVisualStyle
  2
3D Hidden
 70
     6
177
     2
291
     0
 71
     1
176
     1
 72
     2
176
     1
 73
     2
176
     1
 90
        0
176
     1
 40
-0.6
176
     1
 41
-30.0
176
     1
 62
     5
 63
     7
421
 16777215
176
     1
 74
     2
176
     1
 91
        2
176
     1
 64
     7
176
     1
 65
   257
176
     1
 75
     2
176
     1
175
     1
176
     1
 42
40.0
176
     1
 92
        0
176
     1
 66
   257
176
     1
 43
1.0
176
     1
 76
     1
176
     1
 77
     6
176
     1
 78
     2
176
     1
 67
     7
176
     1
 79
     3
176
     1
170
     0
176
     1
171
     0
176
     1
290
     0
176
     1
 93
        1
176
     1
 44
0.0
176
     1
173
     0
176
     1
  0
VISUALSTYLE
  5
30
102
{ACAD_REACTORS
330
2A
102
}
330
2A
100
AcDbVisualStyle
  2
3dWireframe
 70
     5
177
     2
291
     0
 71
     0
176
     1
 72
     2
176
     1
 73
     0
176
     1
 90
        0
176
     1
 40
-0.6
176
     1
 41
-30.0
176
     1
 62
     5
 63
     7
421
 16777215
176
     1
 74
     1
176
     1
 91
        4
176
     1
 64
     7
176
     1
 65
   257
176
     1
 75
     1
176
     1
175
     1
176
     1
 42
1.0
176
     1
 92
        0
176
     1
 66
   257
176
     1
 43
1.0
176
     1
 76
     1
176
     1
 77
     6
176
     1
 78
     2
176
     1
 67
     7
176
     1
 79
     5
176
     1
170
     0
176
     1
171
     0
176
     1
290
     0
176
     1
 93
        1
176
     1
 44
0.0
176
     1
173
     0
176
     1
  0
VISUALSTYLE
  5
32
102
{ACAD_REACTORS
330
2A
102
}
330
2A
100
AcDbVisualStyle
  2
Basic
 70
     7
177
     2
291
     1
 71
     1
176
     1
 72
     0
176
     1
 73
     1
176
     1
 90
        0
176
     1
 40
-0.6
176
     1
 41
-30.0
176
     1
 62
     5
 63
     7
421
 16777215
176
     1
 74
     0
176
     1
 91
        4
176
     1
 64
     7
176
     1
 65
   257
176
     1
 75
     1
176
     1
175
     1
176
     1
 42
1.0
176
     1
 92
        8
176
     1
 66
     7
176
     1
 43
1.0
176
     1
 76
     1
176
     1
 77
     6
176
     1
 78
     2
176
     1
 67
     7
176
     1
 79
     5
176
     1
170
     0
176
     1
171
     0
176
     1
290
     0
176
     1
 93
        1
176
     1
 44
0.0
176
     1
173
     0
176
     1
  0
VISUALSTYLE
  5
36
102
{ACAD_REACTORS
330
2A
102
}
330
2A
100
AcDbVisualStyle
  2
Brighten
 70
    12
177
     2
291
     1
 71
     2
176
     1
 72
     2
176
     1
 73
     0
176
     1
 90
        0
176
     1
 40
-0.6
176
     1
 41
-30.0
176
     1
 62
     5
 63
     7
421
 16777215
176
     1
 74
     1
176
     1
 91
        4
176
     1
 64
     7
176
     1
 65
   257
176
     1
 75
     1
176
     1
175
     1
176
     1
 42
1.0
176
     1
 92
        8
176
     1
 66
     7
176
     1
 43
1.0
176
     1
 76
     1
176
     1
 77
     6
176
     1
 78
     2
176
     1
 67
     7
176
     1
 79
     5
176
     1
170
     0
176
     1
171
     0
176
     1
290
     0
176
     1
 93
        1
176
     1
 44
50.0
176
     1
173
     0
176
     1
  0
VISUALSTYLE
  5
3A
102
{ACAD_REACTORS
330
2A
102
}
330
2A
100
AcDbVisualStyle
  2
ColorChange
 70
    16
177
     2
291
     1
 71
     2
176
     1
 72
     2
176
     1
 73
     3
176
     1
 90
        0
176
     1
 40
-0.6
176
     1
 41
-30.0
176
     1
 62
     5
 63
     8
421
  8421504
176
     1
 74
     1
176
     1
 91
        4
176
     1
 64
     7
176
     1
 65
   257
176
     1
 75
     1
176
     1
175
     1
176
     1
 42
1.0
176
     1
 92
        8
176
     1
 66
     8
424
  8421504
176
     1
 43
1.0
176
     1
 76
     1
176
     1
 77
     6
176
     1
 78
     2
176
     1
 67
     7
176
     1
 79
     5
176
     1
170
     0
176
     1
171
     0
176
     1
290
     0
176
     1
 93
        1
176
     1
 44
0.0
176
     1
173
     0
176
     1
  0
VISUALSTYLE
  5
34
102
{ACAD_REACTORS
330
2A
102
}
330
2A
100
AcDbVisualStyle
  2
Conceptual
 70
     9
177
     2
291
     0
 71
     3
176
     1
 72
     2
176
     1
 73
     0
176
     1
 90
        0
176
     1
 40
-0.6
176
     1
 41
-30.0
176
     1
 62
     5
 63
     7
421
 16777215
176
     1
 74
     2
176
     1
 91
        2
176
     1
 64
     7
176
     1
 65
   257
176
     1
 75
     1
176
     1
175
     1
176
     1
 42
40.0
176
     1
 92
        8
176
     1
 66
     7
176
     1
 43
1.0
176
     1
 76
     1
176
     1
 77
     6
176
     1
 78
     2
176
     1
 67
     7
176
     1
 79
     3
176
     1
170
     0
176
     1
171
     0
176
     1
290
     0
176
     1
 93
        1
176
     1
 44
0.0
176
     1
173
     0
176
     1
  0
VISUALSTYLE
  5
35
102
{ACAD_REACTORS
330
2A
102
}
330
2A
100
AcDbVisualStyle
  2
Dim
 70
    11
177
     2
291
     1
 71
     2
176
     1
 72
     2
176
     1
 73
     0
176
     1
 90
        0
176
     1
 40
-0.6
176
     1
 41
-30.0
176
     1
 62
     5
 63
     7
421
 16777215
176
     1
 74
     1
176
     1
 91
        4
176
     1
 64
     7
176
     1
 65
   257
176
     1
 75
     1
176
     1
175
     1
176
     1
 42
1.0
176
     1
 92
        8
176
     1
 66
     7
176
     1
 43
1.0
176
     1
 76
     1
176
     1
 77
     6
176
     1
 78
     2
176
     1
 67
     7
176
     1
 79
     5
176
     1
170
     0
176
     1
171
     0
176
     1
290
     0
176
     1
 93
        1
176
     1
 44
-50.0
176
     1
173
     0
176
     1
  0
VISUALSTYLE
  5
39
102
{ACAD_REACTORS
330
2A
102
}
330
2A
100
AcDbVisualStyle
  2
Facepattern
 70
    15
177
     2
291
     1
 71
     2
176
     1
 72
     2
176
     1
 73
     0
176
     1
 90
        0
176
     1
 40
-0.6
176
     1
 41
-30.0
176
     1
 62
     5
 63
     7
421
 16777215
176
     1
 74
     1
176
     1
 91
        4
176
     1
 64
     7
176
     1
 65
   257
176
     1
 75
     1
176
     1
175
     1
176
     1
 42
1.0
176
     1
 92
        8
176
     1
 66
     7
176
     1
 43
1.0
176
     1
 76
     1
176
     1
 77
     6
176
     1
 78
     2
176
     1
 67
     7
176
     1
 79
     5
176
     1
170
     0
176
     1
171
     0
176
     1
290
     0
176
     1
 93
        1
176
     1
 44
0.0
176
     1
173
     0
176
     1
  0
VISUALSTYLE
  5
2B
102
{ACAD_REACTORS
330
2A
102
}
330
2A
100
AcDbVisualStyle
  2
Flat
 70
     0
177
     2
291
     1
 71
     2
176
     1
 72
     1
176
     1
 73
     1
176
     1
 90
        2
176
     1
 40
-0.6
176
     1
 41
30.0
176
     1
 62
     5
 63
     7
421
 16777215
176
     1
 74
     0
176
     1
 91
        4
176
     1
 64
     7
176
     1
 65
   257
176
     1
 75
     1
176
     1
175
     1
176
     1
 42
1.0
176
     1
 92
        8
176
     1
 66
     7
176
     1
 43
1.0
176
     1
 76
     1
176
     1
 77
     6
176
     1
 78
     2
176
     1
 67
     7
176
     1
 79
     5
176
     1
170
     0
176
     1
171
     0
176
     1
290
     0
176
     1
 93
       13
176
     1
 44
0.0
176
     1
173
     0
176
     1
  0
VISUALSTYLE
  5
2C
102
{ACAD_REACTORS
330
2A
102
}
330
2A
100
AcDbVisualStyle
  2
FlatWithEdges
 70
     1
177
     2
291
     1
 71
     2
176
     1
 72
     1
176
     1
 73
     1
176
     1
 90
        2
176
     1
 40
-0.6
176
     1
 41
30.0
176
     1
 62
     5
 63
     7
421
 16777215
176
     1
 74
     1
176
     1
 91
        4
176
     1
 64
     7
176
     1
 65
   257
176
     1
 75
     1
176
     1
175
     1
176
     1
 42
1.0
176
     1
 92
        0
176
     1
 66
   257
176
     1
 43
1.0
176
     1
 76
     1
176
     1
 77
     6
176
     1
 78
     2
176
     1
 67
     7
176
     1
 79
     5
176
     1
170
     0
176
     1
171
     0
176
     1
290
     0
176
     1
 93
       13
176
     1
 44
0.0
176
     1
173
     0
176
     1
  0
VISUALSTYLE
  5
2D
102
{ACAD_REACTORS
330
2A
102
}
330
2A
100
AcDbVisualStyle
  2
Gouraud
 70
     2
177
     2
291
     1
 71
     2
176
     1
 72
     2
176
     1
 73
     1
176
     1
 90
        2
176
     1
 40
-0.6
176
     1
 41
30.0
176
     1
 62
     5
 63
     7
421
 16777215
176
     1
 74
     0
176
     1
 91
        4
176
     1
 64
     7
176
     1
 65
   257
176
     1
 75
     1
176
     1
175
     1
176
     1
 42
1.0
176
     1
 92
        0
176
     1
 66
     7
176
     1
 43
1.0
176
     1
 76
     1
176
     1
 77
     6
176
     1
 78
     2
176
     1
 67
     7
176
     1
 79
     5
176
     1
170
     0
176
     1
171
     0
176
     1
290
     0
176
     1
 93
       13
176
     1
 44
0.0
176
     1
173
     0
176
     1
  0
VISUALSTYLE
  5
2E
102
{ACAD_REACTORS
330
2A
102
}
330
2A
100
AcDbVisualStyle
  2
GouraudWithEdges
 70
     3
177
     2
291
     1
 71
     2
176
     1
 72
     2
176
     1
 73
     1
176
     1
 90
        2
176
     1
 40
-0.6
176
     1
 41
30.0
176
     1
 62
     5
 63
     7
421
 16777215
176
     1
 74
     1
176
     1
 91
        4
176
     1
 64
     7
176
     1
 65
   257
176
     1
 75
     1
176
     1
175
     1
176
     1
 42
1.0
176
     1
 92
        0
176
     1
 66
   257
176
     1
 43
1.0
176
     1
 76
     1
176
     1
 77
     6
176
     1
 78
     2
176
     1
 67
     7
176
     1
 79
     5
176
     1
170
     0
176
     1
171
     0
176
     1
290
     0
176
     1
 93
       13
176
     1
 44
0.0
176
     1
173
     0
176
     1
  0
VISUALSTYLE
  5
38
102
{ACAD_REACTORS
330
2A
102
}
330
2A
100
AcDbVisualStyle
  2
Linepattern
 70
    14
177
     2
291
     1
 71
     2
176
     1
 72
     2
176
     1
 73
     0
176
     1
 90
        0
176
     1
 40
-0.6
176
     1
 41
-30.0
176
     1
 62
     5
 63
     7
421
 16777215
176
     1
 74
     1
176
     1
 91
        4
176
     1
 64
     7
176
     1
 65
   257
176
     1
 75
     7
176
     1
175
     7
176
     1
 42
1.0
176
     1
 92
        8
176
     1
 66
     7
176
     1
 43
1.0
176
     1
 76
     1
176
     1
 77
     6
176
     1
 78
     2
176
     1
 67
     7
176
     1
 79
     5
176
     1
170
     0
176
     1
171
     0
176
     1
290
     0
176
     1
 93
        1
176
     1
 44
0.0
176
     1
173
     0
176
     1
  0
VISUALSTYLE
  5
33
102
{ACAD_REACTORS
330
2A
102
}
330
2A
100
AcDbVisualStyle
  2
Realistic
 70
     8
177
     2
291
     0
 71
     2
176
     1
 72
     2
176
     1
 73
     0
176
     1
 90
        0
176
     1
 40
-0.6
176
     1
 41
-30.0
176
     1
 62
     5
 63
     7
421
 16777215
176
     1
 74
     1
176
     1
 91
        0
176
     1
 64
     7
176
     1
 65
   257
176
     1
 75
     1
176
     1
175
     1
176
     1
 42
1.0
176
     1
 92
        8
176
     1
 66
     8
424
  7895160
176
     1
 43
1.0
176
     1
 76
     1
176
     1
 77
     6
176
     1
 78
     2
176
     1
 67
     7
176
     1
 79
     5
176
     1
170
     0
176
     1
171
     0
176
     1
290
     0
176
     1
 93
       13
176
     1
 44
0.0
176
     1
173
     0
176
     1
  0
VISUALSTYLE
  5
37
102
{ACAD_REACTORS
330
2A
102
}
330
2A
100
AcDbVisualStyle
  2
Thicken
 70
    13
177
     2
291
     1
 71
     2
176
     1
 72
     2
176
     1
 73
     0
176
     1
 90
        0
176
     1
 40
-0.6
176
     1
 41
-30.0
176
     1
 62
     5
 63
     7
421
 16777215
176
     1
 74
     1
176
     1
 91
        4
176
     1
 64
     7
176
     1
 65
   257
176
     1
 75
     1
176
     1
175
     1
176
     1
 42
1.0
176
     1
 92
       12
176
     1
 66
     7
176
     1
 43
1.0
176
     1
 76
     1
176
     1
 77
     6
176
     1
 78
     2
176
     1
 67
     7
176
     1
 79
     5
176
     1
170
     0
176
     1
171
     0
176
     1
290
     0
176
     1
 93
        1
176
     1
 44
0.0
176
     1
173
     0
176
     1
  0
ENDSEC
  0
EOF
