  0
SECTION
  2
HEADER
  9
$ACADVER
  1
AC1009
  9
$INSBASE
 10
0.0
 20
0.0
 30
0.0
  9
$EXTMIN
 10
0.0
 20
0.0
 30
0.0
  9
$EXTMAX
 10
0.0
 20
0.0
 30
0.0
  0
ENDSEC
  0
SECTION
  2
TABLES
  0
TABLE
  2
VPORT
 70
0
  0
ENDTAB
  0
TABLE
  2
LTYPE
 70
1
  0
LTYPE
  2
CONTINUOUS
 70
0
  3
Solid line
 72
65
 73
0
 40
0.0
  0
ENDTAB
  0
TABLE
  2
LAYER
 70
1
  0
LAYER
  2
0
 70
64
 62
7
  6
continuous
  0
ENDTAB
  0
TABLE
  2
STYLE
 70
1
  0
STYLE
  2
STANDARD
 70
0
 40
0
 41
1.0
 50
0.0
 71
0
 42
1
 3
ARIAL.TTF
 4

  0
ENDTAB
  0
TABLE
  2
VIEW
 70
0
  0
ENDTAB
  0
ENDSEC
  0
SECTION
  2
BLOCKS
  0
BLOCK
  8
0
  2
BODY005
 70
0
 10
0.0
 20
0.0
 30
0.0
  3
BODY005
  0
LINE
  8
0
 62
0
 10
12.445931581
 20
-15.7
 30
0.0
 11
4.731679225842095
 21
-14.613739167121388
 31
0.0
  0
LINE
  8
0
 62
0
 10
12.445931581
 20
-15.7
 30
0.0
 11
15.364042298060594
 21
-16.07134396852383
 31
0.0
  0
LINE
  8
0
 62
0
 10
4.731679226000001
 20
-14.613739165999998
 30
0.0
 11
2.7188958600459894
 21
-15.198677454158243
 31
0.0
  0
LINE
  8
0
 62
0
 10
15.364042298
 20
-16.071343969
 30
0.0
 11
15.761215932502415
 21
-15.70000000053736
 31
0.0
  0
LINE
  8
0
 62
0
 10
2.71889586
 20
-15.198677454000002
 30
0.0
 11
3.837624728808116
 21
-21.543304136504858
 31
0.0
  0
LINE
  8
0
 62
0
 10
29.361215932
 20
-21.7
 30
0.0
 11
29.361215932
 21
-34.651762345
 31
0.0
  0
LINE
  8
0
 62
0
 10
23.361215932
 20
-34.651762344999995
 30
0.0
 11
29.361215932
 21
-34.651762344999995
 31
0.0
  0
LINE
  8
0
 62
0
 10
23.361215932
 20
-34.651762344999995
 30
0.0
 11
3.8376247271263573
 21
-21.54330413532241
 31
0.0
  0
LINE
  8
0
 62
0
 10
29.361215932
 20
-21.7
 30
0.0
 11
35.361215932
 21
-21.7
 31
0.0
  0
LINE
  8
0
 62
0
 10
35.361215932
 20
-21.7
 30
0.0
 11
35.361215932
 21
-15.7
 31
0.0
  0
LINE
  8
0
 62
0
 10
15.761215932
 20
-15.7
 30
0.0
 11
35.361215932
 21
-15.7
 31
0.0
  0
ENDBLK
  0
ENDSEC
  0
SECTION
  2
ENTITIES
  0
INSERT
  2
BODY005
  8
0
 62
0
 10
0.0
 20
0.0
 30
0.0
  0
ENDSEC
  0
EOF
