  0
SECTION
  2
HEADER
  9
$ACADVER
  1
AC1009
  9
$INSBASE
 10
0.0
 20
0.0
 30
0.0
  9
$EXTMIN
 10
0.0
 20
0.0
 30
0.0
  9
$EXTMAX
 10
0.0
 20
0.0
 30
0.0
  0
ENDSEC
  0
SECTION
  2
TABLES
  0
TABLE
  2
VPORT
 70
0
  0
ENDTAB
  0
TABLE
  2
LTYPE
 70
1
  0
LTYPE
  2
CONTINUOUS
 70
0
  3
Solid line
 72
65
 73
0
 40
0.0
  0
ENDTAB
  0
TABLE
  2
LAYER
 70
1
  0
LAYER
  2
0
 70
64
 62
7
  6
continuous
  0
ENDTAB
  0
TABLE
  2
STYLE
 70
1
  0
STYLE
  2
STANDARD
 70
0
 40
0
 41
1.0
 50
0.0
 71
0
 42
1
 3
ARIAL.TTF
 4

  0
ENDTAB
  0
TABLE
  2
VIEW
 70
0
  0
ENDTAB
  0
ENDSEC
  0
SECTION
  2
BLOCKS
  0
BLOCK
  8
0
  2
BODY002
 70
0
 10
0.0
 20
0.0
 30
0.0
  3
BODY002
  0
LINE
  8
0
 62
0
 10
-29.361215932000004
 20
-4.0000000000000036
 30
0.0
 11
-29.361215932
 21
19.999999999999996
 31
0.0
  0
LINE
  8
0
 62
0
 10
-0.032899729999993355
 20
20.0
 30
0.0
 11
-29.361215931999993
 21
20.000000000000004
 31
0.0
  0
LINE
  8
0
 62
0
 10
9.96710027
 20
-4.884981308350689e-15
 30
0.0
 11
9.967100270000001
 21
9.999999999999995
 31
0.0
  0
ARC
  8
0
 62
0
 10
-0.03289972999999691
 20
-3.552713678800501e-15
 30
0.0
 40
10.000000000000002
 50
-90.00000000000004
 51
-0.0
  0
ARC
  8
0
 62
0
 10
-0.032899729999993355
 20
10.0
 30
0.0
 40
10.000000000000002
 50
-0.0
 51
90.00000000000001
  0
LINE
  8
0
 62
0
 10
-29.361215932000004
 20
-4.000000000000001
 30
0.0
 11
-35.36121593200001
 21
-4.000000000000001
 31
0.0
  0
LINE
  8
0
 62
0
 10
-35.361215932
 20
-4.000000000000001
 30
0.0
 11
-35.361215932
 21
-10.0
 31
0.0
  0
LINE
  8
0
 62
0
 10
-4.9999999999999964
 20
-3.1086244689504383e-15
 30
0.0
 11
-4.999999999999996
 21
9.999999999999996
 31
0.0
  0
ARC
  8
0
 62
0
 10
3.552713678800501e-15
 20
-3.552713678800501e-15
 30
0.0
 40
5.000000000000001
 50
-180.0
 51
-0.0
  0
LINE
  8
0
 62
0
 10
5.0000000000000036
 20
10.0
 30
0.0
 11
5.000000000000003
 21
0.0
 31
0.0
  0
ARC
  8
0
 62
0
 10
7.105427357601002e-15
 20
10.0
 30
0.0
 40
5.000000000000001
 50
-0.0
 51
-180.0
  0
LINE
  8
0
 62
0
 10
-0.03289973000000401
 20
-10.000000000000002
 30
0.0
 11
-35.36121593200001
 21
-10.000000000000002
 31
0.0
  0
ENDBLK
  0
ENDSEC
  0
SECTION
  2
ENTITIES
  0
INSERT
  2
BODY002
  8
0
 62
0
 10
0.0
 20
0.0
 30
0.0
  0
ENDSEC
  0
EOF
