  0
SECTION
  2
HEADER
  9
$ACADVER
  1
AC1014
  9
$ACADMAINTVER
 70
     9
  9
$DWGCODEPAGE
  3
CNT
  9
$INSBASE
 10
0.0
 20
0.0
 30
0.0
  9
$EXTMIN
 10
1.000000000000000E+20
 20
1.000000000000000E+20
 30
1.000000000000000E+20
  9
$EXTMAX
 10
-1.000000000000000E+20
 20
-1.000000000000000E+20
 30
-1.000000000000000E+20
  9
$LIMMIN
 10
0.0
 20
0.0
  9
$LIMMAX
 10
12.0
 20
9.0
  9
$ORTHOMODE
 70
     0
  9
$REGENMODE
 70
     1
  9
$FILLMODE
 70
     1
  9
$QTEXTMODE
 70
     0
  9
$MIRRTEXT
 70
     1
  9
$DRAGMODE
 70
     2
  9
$LTSCALE
 40
1.0
  9
$OSMODE
 70
    37
  9
$ATTMODE
 70
     1
  9
$TEXTSIZE
 40
0.2
  9
$TRACEWID
 40
0.05
  9
$TEXTSTYLE
  7
STANDARD
  9
$CLAYER
  8
0
  9
$CELTYPE
  6
BYLAYER
  9
$CECOLOR
 62
   256
  9
$CELTSCALE
 40
1.0
  9
$DELOBJ
 70
     1
  9
$DISPSILH
 70
     0
  9
$DIMSCALE
 40
1.0
  9
$DIMASZ
 40
0.18
  9
$DIMEXO
 40
0.0625
  9
$DIMDLI
 40
0.38
  9
$DIMRND
 40
0.0
  9
$DIMDLE
 40
0.0
  9
$DIMEXE
 40
0.18
  9
$DIMTP
 40
0.0
  9
$DIMTM
 40
0.0
  9
$DIMTXT
 40
0.18
  9
$DIMCEN
 40
0.09
  9
$DIMTSZ
 40
0.0
  9
$DIMTOL
 70
     0
  9
$DIMLIM
 70
     0
  9
$DIMTIH
 70
     1
  9
$DIMTOH
 70
     1
  9
$DIMSE1
 70
     0
  9
$DIMSE2
 70
     0
  9
$DIMTAD
 70
     0
  9
$DIMZIN
 70
     0
  9
$DIMBLK
  1

  9
$DIMASO
 70
     1
  9
$DIMSHO
 70
     1
  9
$DIMPOST
  1

  9
$DIMAPOST
  1

  9
$DIMALT
 70
     0
  9
$DIMALTD
 70
     2
  9
$DIMALTF
 40
25.4
  9
$DIMLFAC
 40
1.0
  9
$DIMTOFL
 70
     0
  9
$DIMTVP
 40
0.0
  9
$DIMTIX
 70
     0
  9
$DIMSOXD
 70
     0
  9
$DIMSAH
 70
     0
  9
$DIMBLK1
  1

  9
$DIMBLK2
  1

  9
$DIMSTYLE
  2
STANDARD
  9
$DIMCLRD
 70
     0
  9
$DIMCLRE
 70
     0
  9
$DIMCLRT
 70
     0
  9
$DIMTFAC
 40
1.0
  9
$DIMGAP
 40
0.09
  9
$DIMJUST
 70
     0
  9
$DIMSD1
 70
     0
  9
$DIMSD2
 70
     0
  9
$DIMTOLJ
 70
     1
  9
$DIMTZIN
 70
     0
  9
$DIMALTZ
 70
     0
  9
$DIMALTTZ
 70
     0
  9
$DIMFIT
 70
     3
  9
$DIMUPT
 70
     0
  9
$DIMUNIT
 70
     2
  9
$DIMDEC
 70
     4
  9
$DIMTDEC
 70
     4
  9
$DIMALTU
 70
     2
  9
$DIMALTTD
 70
     2
  9
$DIMTXSTY
  7
STANDARD
  9
$DIMAUNIT
 70
     0
  9
$LUNITS
 70
     2
  9
$LUPREC
 70
     4
  9
$SKETCHINC
 40
0.1
  9
$FILLETRAD
 40
0.0
  9
$AUNITS
 70
     0
  9
$AUPREC
 70
     0
  9
$MENU
  1
.
  9
$ELEVATION
 40
0.0
  9
$PELEVATION
 40
0.0
  9
$THICKNESS
 40
0.0
  9
$LIMCHECK
 70
     0
  9
$CHAMFERA
 40
0.0
  9
$CHAMFERB
 40
0.0
  9
$CHAMFERC
 40
0.0
  9
$CHAMFERD
 40
0.0
  9
$SKPOLY
 70
     0
  9
$TDCREATE
 40
2460775.642540961
  9
$TDUPDATE
 40
2460775.642541135
  9
$TDINDWG
 40
0.0000000116
  9
$TDUSRTIMER
 40
0.0000000116
  9
$USRTIMER
 70
     1
  9
$ANGBASE
 50
0.0
  9
$ANGDIR
 70
     0
  9
$PDMODE
 70
     0
  9
$PDSIZE
 40
0.0
  9
$PLINEWID
 40
0.0
  9
$COORDS
 70
     1
  9
$SPLFRAME
 70
     0
  9
$SPLINETYPE
 70
     6
  9
$SPLINESEGS
 70
     8
  9
$ATTDIA
 70
     0
  9
$ATTREQ
 70
     1
  9
$HANDLING
 70
     1
  9
$HANDSEED
  5
150
  9
$SURFTAB1
 70
     6
  9
$SURFTAB2
 70
     6
  9
$SURFTYPE
 70
     6
  9
$SURFU
 70
     6
  9
$SURFV
 70
     6
  9
$UCSNAME
  2

  9
$UCSORG
 10
0.0
 20
0.0
 30
0.0
  9
$UCSXDIR
 10
1.0
 20
0.0
 30
0.0
  9
$UCSYDIR
 10
0.0
 20
1.0
 30
0.0
  9
$PUCSNAME
  2

  9
$PUCSORG
 10
0.0
 20
0.0
 30
0.0
  9
$PUCSXDIR
 10
1.0
 20
0.0
 30
0.0
  9
$PUCSYDIR
 10
0.0
 20
1.0
 30
0.0
  9
$USERI1
 70
     0
  9
$USERI2
 70
     0
  9
$USERI3
 70
     0
  9
$USERI4
 70
     0
  9
$USERI5
 70
     0
  9
$USERR1
 40
0.0
  9
$USERR2
 40
0.0
  9
$USERR3
 40
0.0
  9
$USERR4
 40
0.0
  9
$USERR5
 40
0.0
  9
$WORLDVIEW
 70
     1
  9
$SHADEDGE
 70
     3
  9
$SHADEDIF
 70
    70
  9
$TILEMODE
 70
     1
  9
$MAXACTVP
 70
    64
  9
$PINSBASE
 10
0.0
 20
0.0
 30
0.0
  9
$PLIMCHECK
 70
     0
  9
$PEXTMIN
 10
1.000000000000000E+20
 20
1.000000000000000E+20
 30
1.000000000000000E+20
  9
$PEXTMAX
 10
-1.000000000000000E+20
 20
-1.000000000000000E+20
 30
-1.000000000000000E+20
  9
$PLIMMIN
 10
0.0
 20
0.0
  9
$PLIMMAX
 10
12.0
 20
9.0
  9
$UNITMODE
 70
     0
  9
$VISRETAIN
 70
     1
  9
$PLINEGEN
 70
     0
  9
$PSLTSCALE
 70
     1
  9
$TREEDEPTH
 70
  3020
  9
$PICKSTYLE
 70
     1
  9
$CMLSTYLE
  2
STANDARD
  9
$CMLJUST
 70
     0
  9
$CMLSCALE
 40
1.0
  9
$PROXYGRAPHICS
 70
     1
  9
$MEASUREMENT
 70
     1
  0
ENDSEC
  0
SECTION
  2
CLASSES
  0
CLASS
  1
ACDBDICTIONARYWDFLT
  2
AcDbDictionaryWithDefault
  3
ObjectDBX Classes
 90
        0
280
     0
281
     0
  0
CLASS
  1
VISUALSTYLE
  2
AcDbVisualStyle
  3
ObjectDBX Classes
 90
     4095
280
     0
281
     0
  0
CLASS
  1
MATERIAL
  2
AcDbMaterial
  3
ObjectDBX Classes
 90
     1153
280
     0
281
     0
  0
CLASS
  1
SCALE
  2
AcDbScale
  3
ObjectDBX Classes
 90
     1153
280
     0
281
     0
  0
CLASS
  1
TABLESTYLE
  2
AcDbTableStyle
  3
ObjectDBX Classes
 90
     4095
280
     0
281
     0
  0
CLASS
  1
MLEADERSTYLE
  2
AcDbMLeaderStyle
  3
ACDB_MLEADERSTYLE_CLASS
 90
     4095
280
     0
281
     0
  0
CLASS
  1
SUN
  2
AcDbSun
  3
SCENEOE
 90
     1153
280
     0
281
     0
  0
CLASS
  1
DICTIONARYVAR
  2
AcDbDictionaryVar
  3
ObjectDBX Classes
 90
        0
280
     0
281
     0
  0
CLASS
  1
XRECORD
  2
AcDbXrecord
  3
ObjectDBX Classes
 90
        0
280
     0
281
     0
  0
CLASS
  1
LWPOLYLINE
  2
AcDbPolyline
  3
ObjectDBX Classes
 90
        0
280
     0
281
     1
  0
CLASS
  1
HATCH
  2
AcDbHatch
  3
ObjectDBX Classes
 90
        0
280
     0
281
     1
  0
CLASS
  1
ACDBPLACEHOLDER
  2
AcDbPlaceHolder
  3
ObjectDBX Classes
 90
        0
280
     0
281
     0
  0
CLASS
  1
LAYOUT
  2
AcDbLayout
  3
ObjectDBX Classes
 90
        0
280
     0
281
     0
  0
ENDSEC
  0
SECTION
  2
TABLES
  0
TABLE
  2
VPORT
  5
8
102
{ACAD_XDICTIONARY
360
145
102
}
330
0
100
AcDbSymbolTable
 70
     1
  0
VPORT
  5
29
330
8
100
AcDbSymbolTableRecord
100
AcDbViewportTableRecord
  2
*ACTIVE
 70
     0
 10
0.0
 20
0.0
 11
1.0
 21
1.0
 12
0.0
 22
0.0
 13
0.0
 23
0.0
 14
0.5
 24
0.5
 15
0.5
 25
0.5
 16
0.0
 26
0.0
 36
1.0
 17
0.0
 27
0.0
 37
-1000.0
 40
969.9526300842534
 41
2.123893805309735
 42
50.0
 43
1538.148360056873
 44
1700.040818580559
 50
0.0
 51
0.0
 71
     0
 72
   100
 73
     1
 74
     3
 75
     0
 76
     0
 77
     0
 78
     0
  0
ENDTAB
  0
TABLE
  2
LTYPE
  5
5
330
0
100
AcDbSymbolTable
 70
     1
  0
LTYPE
  5
14
330
5
100
AcDbSymbolTableRecord
100
AcDbLinetypeTableRecord
  2
BYBLOCK
 70
     0
  3

 72
    65
 73
     0
 40
0.0
  0
LTYPE
  5
15
330
5
100
AcDbSymbolTableRecord
100
AcDbLinetypeTableRecord
  2
BYLAYER
 70
     0
  3

 72
    65
 73
     0
 40
0.0
  0
LTYPE
  5
16
330
5
100
AcDbSymbolTableRecord
100
AcDbLinetypeTableRecord
  2
CONTINUOUS
 70
     0
  3
Solid line
 72
    65
 73
     0
 40
0.0
  0
ENDTAB
  0
TABLE
  2
LAYER
  5
2
330
0
100
AcDbSymbolTable
 70
     3
  0
LAYER
  5
10
330
2
100
AcDbSymbolTableRecord
100
AcDbLayerTableRecord
  2
0
 70
     0
 62
     7
  6
CONTINUOUS
  0
LAYER
  5
5E
330
2
100
AcDbSymbolTableRecord
100
AcDbLayerTableRecord
  2
PROFILEEDGES
 70
     0
 62
     7
  6
CONTINUOUS
  0
LAYER
  5
5F
330
2
100
AcDbSymbolTableRecord
100
AcDbLayerTableRecord
  2
SECTIONCUTEDGES
 70
     0
 62
     7
  6
CONTINUOUS
  0
ENDTAB
  0
TABLE
  2
STYLE
  5
3
330
0
100
AcDbSymbolTable
 70
     1
  0
STYLE
  5
11
330
3
100
AcDbSymbolTableRecord
100
AcDbTextStyleTableRecord
  2
STANDARD
 70
     0
 40
0.0
 41
1.0
 50
0.0
 71
     0
 42
0.2
  3
txt
  4

  0
ENDTAB
  0
TABLE
  2
VIEW
  5
6
330
0
100
AcDbSymbolTable
 70
     0
  0
ENDTAB
  0
TABLE
  2
UCS
  5
7
330
0
100
AcDbSymbolTable
 70
     0
  0
ENDTAB
  0
TABLE
  2
APPID
  5
9
330
0
100
AcDbSymbolTable
 70
     2
  0
APPID
  5
12
330
9
100
AcDbSymbolTableRecord
100
AcDbRegAppTableRecord
  2
ACAD
 70
     0
  0
APPID
  5
14F
330
9
100
AcDbSymbolTableRecord
100
AcDbRegAppTableRecord
  2
ACAD_MLEADERVER
 70
     0
  0
ENDTAB
  0
TABLE
  2
DIMSTYLE
  5
A
330
0
100
AcDbSymbolTable
 70
     1
  0
DIMSTYLE
105
27
330
A
100
AcDbSymbolTableRecord
100
AcDbDimStyleTableRecord
  2
STANDARD
 70
     0
  3

  4

  5

  6

  7

 40
1.0
 41
0.18
 42
0.0625
 43
0.38
 44
0.18
 45
0.0
 46
0.0
 47
0.0
 48
0.0
140
0.18
141
0.09
142
0.0
143
25.4
144
1.0
145
0.0
146
1.0
147
0.09
 71
     0
 72
     0
 73
     1
 74
     1
 75
     0
 76
     0
 77
     0
 78
     0
170
     0
171
     2
172
     0
173
     0
174
     0
175
     0
176
     0
177
     0
178
     0
270
     2
271
     4
272
     4
273
     2
274
     2
340
11
275
     0
280
     0
281
     0
282
     0
283
     1
284
     0
285
     0
286
     0
287
     3
288
     0
  0
ENDTAB
  0
TABLE
  2
BLOCK_RECORD
  5
1
330
0
100
AcDbSymbolTable
 70
     0
  0
BLOCK_RECORD
  5
1F
330
1
100
AcDbSymbolTableRecord
100
AcDbBlockTableRecord
  2
*MODEL_SPACE
  0
BLOCK_RECORD
  5
1B
330
1
100
AcDbSymbolTableRecord
100
AcDbBlockTableRecord
  2
*PAPER_SPACE
  0
ENDTAB
  0
ENDSEC
  0
SECTION
  2
BLOCKS
  0
BLOCK
  5
20
330
1F
100
AcDbEntity
  8
0
100
AcDbBlockBegin
  2
*MODEL_SPACE
 70
     0
 10
0.0
 20
0.0
 30
0.0
  3
*MODEL_SPACE
  1

  0
ENDBLK
  5
21
330
1F
100
AcDbEntity
  8
0
100
AcDbBlockEnd
  0
BLOCK
  5
1C
330
1B
100
AcDbEntity
 67
     1
  8
0
100
AcDbBlockBegin
  2
*PAPER_SPACE
 70
     0
 10
0.0
 20
0.0
 30
0.0
  3
*PAPER_SPACE
  1

  0
ENDBLK
  5
1D
330
1B
100
AcDbEntity
 67
     1
  8
0
100
AcDbBlockEnd
  0
ENDSEC
  0
SECTION
  2
ENTITIES
  0
LINE
  5
60
330
1F
100
AcDbEntity
  8
0
100
AcDbLine
 10
-301.0053141225588
 20
-82.28509649435807
 30
0.0
 11
-301.0625471714421
 21
-82.71982466080661
 31
0.0
  0
LINE
  5
61
330
1F
100
AcDbEntity
  8
0
100
AcDbLine
 10
-301.0625471714421
 20
-82.71982466080661
 30
0.0
 11
-301.2303459803992
 21
-83.1249268211343
 31
0.0
  0
LINE
  5
62
330
1F
100
AcDbEntity
  8
0
100
AcDbLine
 10
-301.2303459803992
 20
-83.1249268211343
 30
0.0
 11
-301.497275337891
 21
-83.4727959325771
 31
0.0
  0
LINE
  5
63
330
1F
100
AcDbEntity
  8
0
100
AcDbLine
 10
-301.497275337891
 20
-83.4727959325771
 30
0.0
 11
-301.8451444493334
 21
-83.73972529007172
 31
0.0
  0
LINE
  5
64
330
1F
100
AcDbEntity
  8
0
100
AcDbLine
 10
-301.8451444493334
 20
-83.73972529007172
 30
0.0
 11
-302.2502466096624
 21
-83.90752409902603
 31
0.0
  0
LINE
  5
65
330
1F
100
AcDbEntity
  8
0
100
AcDbLine
 10
-302.2502466096624
 20
-83.90752409902603
 30
0.0
 11
-302.6849747761113
 21
-83.96475714791053
 31
0.0
  0
LINE
  5
66
330
1F
100
AcDbEntity
  8
0
100
AcDbLine
 10
-302.6849747761113
 20
-83.96475714791053
 30
0.0
 11
-303.1197029425603
 21
-83.90752409902603
 31
0.0
  0
LINE
  5
67
330
1F
100
AcDbEntity
  8
0
100
AcDbLine
 10
-303.1197029425603
 20
-83.90752409902603
 30
0.0
 11
-303.5248051028859
 21
-83.73972529007172
 31
0.0
  0
LINE
  5
68
330
1F
100
AcDbEntity
  8
0
100
AcDbLine
 10
-303.5248051028859
 20
-83.73972529007172
 30
0.0
 11
-303.8726742143315
 21
-83.4727959325771
 31
0.0
  0
LINE
  5
69
330
1F
100
AcDbEntity
  8
0
100
AcDbLine
 10
-303.8726742143315
 20
-83.4727959325771
 30
0.0
 11
-304.1396035718233
 21
-83.1249268211343
 31
0.0
  0
LINE
  5
6A
330
1F
100
AcDbEntity
  8
0
100
AcDbLine
 10
-304.1396035718233
 20
-83.1249268211343
 30
0.0
 11
-304.3074023807805
 21
-82.71982466080661
 31
0.0
  0
LINE
  5
6B
330
1F
100
AcDbEntity
  8
0
100
AcDbLine
 10
-304.3074023807805
 20
-82.71982466080661
 30
0.0
 11
-304.3646354296637
 21
-82.28509649435807
 31
0.0
  0
LINE
  5
6C
330
1F
100
AcDbEntity
  8
0
100
AcDbLine
 10
-304.3646354296637
 20
-82.28509649435807
 30
0.0
 11
-304.3074023807805
 21
-81.85036832790952
 31
0.0
  0
LINE
  5
6D
330
1F
100
AcDbEntity
  8
0
100
AcDbLine
 10
-304.3074023807805
 20
-81.85036832790952
 30
0.0
 11
-304.1396035718233
 21
-81.44526616758183
 31
0.0
  0
LINE
  5
6E
330
1F
100
AcDbEntity
  8
0
100
AcDbLine
 10
-304.1396035718233
 20
-81.44526616758183
 30
0.0
 11
-303.8726742143315
 21
-81.09739705613906
 31
0.0
  0
LINE
  5
6F
330
1F
100
AcDbEntity
  8
0
100
AcDbLine
 10
-303.8726742143315
 20
-81.09739705613906
 30
0.0
 11
-303.5248051028892
 21
-80.83046769864443
 31
0.0
  0
LINE
  5
70
330
1F
100
AcDbEntity
  8
0
100
AcDbLine
 10
-303.5248051028892
 20
-80.83046769864443
 30
0.0
 11
-303.1197029425603
 21
-80.6626688896901
 31
0.0
  0
LINE
  5
71
330
1F
100
AcDbEntity
  8
0
100
AcDbLine
 10
-303.1197029425603
 20
-80.6626688896901
 30
0.0
 11
-302.6849747761113
 21
-80.6054358408056
 31
0.0
  0
LINE
  5
72
330
1F
100
AcDbEntity
  8
0
100
AcDbLine
 10
-302.6849747761113
 20
-80.6054358408056
 30
0.0
 11
-302.2502466096624
 21
-80.6626688896901
 31
0.0
  0
LINE
  5
73
330
1F
100
AcDbEntity
  8
0
100
AcDbLine
 10
-302.2502466096624
 20
-80.6626688896901
 30
0.0
 11
-301.8451444493367
 21
-80.83046769864443
 31
0.0
  0
LINE
  5
74
330
1F
100
AcDbEntity
  8
0
100
AcDbLine
 10
-301.8451444493367
 20
-80.83046769864443
 30
0.0
 11
-301.497275337891
 21
-81.09739705613906
 31
0.0
  0
LINE
  5
75
330
1F
100
AcDbEntity
  8
0
100
AcDbLine
 10
-301.497275337891
 20
-81.09739705613906
 30
0.0
 11
-301.2303459803992
 21
-81.44526616758183
 31
0.0
  0
LINE
  5
76
330
1F
100
AcDbEntity
  8
0
100
AcDbLine
 10
-301.2303459803992
 20
-81.44526616758183
 30
0.0
 11
-301.0625471714421
 21
-81.85036832790952
 31
0.0
  0
LINE
  5
77
330
1F
100
AcDbEntity
  8
0
100
AcDbLine
 10
-301.0625471714421
 20
-81.85036832790952
 30
0.0
 11
-301.0053141225588
 21
-82.28509649435807
 31
0.0
  0
LINE
  5
78
330
1F
100
AcDbEntity
  8
0
100
AcDbLine
 10
-301.0053141225588
 20
-118.1178571034854
 30
0.0
 11
-301.0625471714421
 21
-118.5525852699339
 31
0.0
  0
LINE
  5
79
330
1F
100
AcDbEntity
  8
0
100
AcDbLine
 10
-301.0625471714421
 20
-118.5525852699339
 30
0.0
 11
-301.2303459803992
 21
-118.9576874302616
 31
0.0
  0
LINE
  5
7A
330
1F
100
AcDbEntity
  8
0
100
AcDbLine
 10
-301.2303459803992
 20
-118.9576874302616
 30
0.0
 11
-301.497275337891
 21
-119.3055565417044
 31
0.0
  0
LINE
  5
7B
330
1F
100
AcDbEntity
  8
0
100
AcDbLine
 10
-301.497275337891
 20
-119.3055565417044
 30
0.0
 11
-301.8451444493334
 21
-119.572485899199
 31
0.0
  0
LINE
  5
7C
330
1F
100
AcDbEntity
  8
0
100
AcDbLine
 10
-301.8451444493334
 20
-119.572485899199
 30
0.0
 11
-302.2502466096624
 21
-119.7402847081533
 31
0.0
  0
LINE
  5
7D
330
1F
100
AcDbEntity
  8
0
100
AcDbLine
 10
-302.2502466096624
 20
-119.7402847081533
 30
0.0
 11
-302.6849747761113
 21
-119.7975177570378
 31
0.0
  0
LINE
  5
7E
330
1F
100
AcDbEntity
  8
0
100
AcDbLine
 10
-302.6849747761113
 20
-119.7975177570378
 30
0.0
 11
-303.1197029425603
 21
-119.7402847081533
 31
0.0
  0
LINE
  5
7F
330
1F
100
AcDbEntity
  8
0
100
AcDbLine
 10
-303.1197029425603
 20
-119.7402847081533
 30
0.0
 11
-303.5248051028859
 21
-119.572485899199
 31
0.0
  0
LINE
  5
80
330
1F
100
AcDbEntity
  8
0
100
AcDbLine
 10
-303.5248051028859
 20
-119.572485899199
 30
0.0
 11
-303.8726742143315
 21
-119.3055565417044
 31
0.0
  0
LINE
  5
81
330
1F
100
AcDbEntity
  8
0
100
AcDbLine
 10
-303.8726742143315
 20
-119.3055565417044
 30
0.0
 11
-304.1396035718233
 21
-118.9576874302616
 31
0.0
  0
LINE
  5
82
330
1F
100
AcDbEntity
  8
0
100
AcDbLine
 10
-304.1396035718233
 20
-118.9576874302616
 30
0.0
 11
-304.3074023807805
 21
-118.5525852699339
 31
0.0
  0
LINE
  5
83
330
1F
100
AcDbEntity
  8
0
100
AcDbLine
 10
-304.3074023807805
 20
-118.5525852699339
 30
0.0
 11
-304.3646354296637
 21
-118.1178571034854
 31
0.0
  0
LINE
  5
84
330
1F
100
AcDbEntity
  8
0
100
AcDbLine
 10
-304.3646354296637
 20
-118.1178571034854
 30
0.0
 11
-304.3074023807805
 21
-117.6831289370368
 31
0.0
  0
LINE
  5
85
330
1F
100
AcDbEntity
  8
0
100
AcDbLine
 10
-304.3074023807805
 20
-117.6831289370368
 30
0.0
 11
-304.1396035718233
 21
-117.2780267767091
 31
0.0
  0
LINE
  5
86
330
1F
100
AcDbEntity
  8
0
100
AcDbLine
 10
-304.1396035718233
 20
-117.2780267767091
 30
0.0
 11
-303.8726742143315
 21
-116.9301576652663
 31
0.0
  0
LINE
  5
87
330
1F
100
AcDbEntity
  8
0
100
AcDbLine
 10
-303.8726742143315
 20
-116.9301576652663
 30
0.0
 11
-303.5248051028892
 21
-116.6632283077717
 31
0.0
  0
LINE
  5
88
330
1F
100
AcDbEntity
  8
0
100
AcDbLine
 10
-303.5248051028892
 20
-116.6632283077717
 30
0.0
 11
-303.1197029425603
 21
-116.4954294988174
 31
0.0
  0
LINE
  5
89
330
1F
100
AcDbEntity
  8
0
100
AcDbLine
 10
-303.1197029425603
 20
-116.4954294988174
 30
0.0
 11
-302.6849747761113
 21
-116.4381964499329
 31
0.0
  0
LINE
  5
8A
330
1F
100
AcDbEntity
  8
0
100
AcDbLine
 10
-302.6849747761113
 20
-116.4381964499329
 30
0.0
 11
-302.2502466096624
 21
-116.4954294988174
 31
0.0
  0
LINE
  5
8B
330
1F
100
AcDbEntity
  8
0
100
AcDbLine
 10
-302.2502466096624
 20
-116.4954294988174
 30
0.0
 11
-301.8451444493367
 21
-116.6632283077717
 31
0.0
  0
LINE
  5
8C
330
1F
100
AcDbEntity
  8
0
100
AcDbLine
 10
-301.8451444493367
 20
-116.6632283077717
 30
0.0
 11
-301.497275337891
 21
-116.9301576652663
 31
0.0
  0
LINE
  5
8D
330
1F
100
AcDbEntity
  8
0
100
AcDbLine
 10
-301.497275337891
 20
-116.9301576652663
 30
0.0
 11
-301.2303459803992
 21
-117.2780267767091
 31
0.0
  0
LINE
  5
8E
330
1F
100
AcDbEntity
  8
0
100
AcDbLine
 10
-301.2303459803992
 20
-117.2780267767091
 30
0.0
 11
-301.0625471714421
 21
-117.6831289370368
 31
0.0
  0
LINE
  5
8F
330
1F
100
AcDbEntity
  8
0
100
AcDbLine
 10
-301.0625471714421
 20
-117.6831289370368
 30
0.0
 11
-301.0053141225588
 21
-118.1178571034854
 31
0.0
  0
LINE
  5
90
330
1F
100
AcDbEntity
  8
0
100
AcDbLine
 10
-316.0198067109265
 20
49.11414628002349
 30
0.0
 11
-312.4638515283074
 21
46.23093937519796
 31
0.0
  0
LINE
  5
91
330
1F
100
AcDbEntity
  8
0
100
AcDbLine
 10
-312.4638515283074
 20
46.23093937519796
 30
0.0
 11
-304.9245223141813
 21
52.34390900827311
 31
0.0
  0
LINE
  5
92
330
1F
100
AcDbEntity
  8
0
100
AcDbLine
 10
-304.9245223141813
 20
52.34390900827311
 30
0.0
 11
-304.9245223141813
 21
26.33295910205916
 31
0.0
  0
LINE
  5
93
330
1F
100
AcDbEntity
  8
0
100
AcDbLine
 10
-304.9245223141813
 20
26.33295910205916
 30
0.0
 11
-300.4454272380413
 21
26.33295910205916
 31
0.0
  0
LINE
  5
94
330
1F
100
AcDbEntity
  8
0
100
AcDbLine
 10
-300.4454272380413
 20
26.33295910205916
 30
0.0
 11
-300.4454272380413
 21
52.34390900827432
 31
0.0
  0
LINE
  5
95
330
1F
100
AcDbEntity
  8
0
100
AcDbLine
 10
-300.4454272380413
 20
52.34390900827432
 30
0.0
 11
-292.9060980239152
 21
46.23093937519836
 31
0.0
  0
LINE
  5
96
330
1F
100
AcDbEntity
  8
0
100
AcDbLine
 10
-292.9060980239152
 20
46.23093937519836
 30
0.0
 11
-289.3501428412961
 21
49.11414628002349
 31
0.0
  0
LINE
  5
97
330
1F
100
AcDbEntity
  8
0
100
AcDbLine
 10
-289.3501428412961
 20
49.11414628002349
 30
0.0
 11
-302.6849747761113
 21
59.92617217311608
 31
0.0
  0
LINE
  5
98
330
1F
100
AcDbEntity
  8
0
100
AcDbLine
 10
-302.6849747761113
 20
59.92617217311608
 30
0.0
 11
-316.0198067109265
 21
49.11414628002349
 31
0.0
  0
LINE
  5
99
330
1F
100
AcDbEntity
  8
0
100
AcDbLine
 10
-280.0333461770111
 20
-38.61391950197586
 30
0.0
 11
-306.0442960832259
 21
-38.61391950198071
 31
0.0
  0
LINE
  5
9A
330
1F
100
AcDbEntity
  8
0
100
AcDbLine
 10
-306.0442960832162
 20
-43.09301457812708
 30
0.0
 11
-280.033346177008
 21
-43.09301457811819
 31
0.0
  0
LINE
  5
9B
330
1F
100
AcDbEntity
  8
0
100
AcDbLine
 10
-286.1463158100722
 20
-31.07459028785862
 30
0.0
 11
-280.0333461770111
 21
-38.61391950197586
 31
0.0
  0
LINE
  5
9C
330
1F
100
AcDbEntity
  8
0
100
AcDbLine
 10
-283.2631089052519
 20
-27.51863510523628
 30
0.0
 11
-286.1463158100722
 21
-31.07459028785862
 31
0.0
  0
LINE
  5
9D
330
1F
100
AcDbEntity
  8
0
100
AcDbLine
 10
-286.1463158100786
 20
-50.63234379224674
 30
0.0
 11
-283.2631089052616
 21
-54.18829897486341
 31
0.0
  0
LINE
  5
9E
330
1F
100
AcDbEntity
  8
0
100
AcDbLine
 10
-272.4510830121605
 20
-40.8534670400547
 30
0.0
 11
-283.2631089052519
 21
-27.51863510523628
 31
0.0
  0
LINE
  5
9F
330
1F
100
AcDbEntity
  8
0
100
AcDbLine
 10
-280.033346177008
 20
-43.09301457811819
 30
0.0
 11
-286.1463158100786
 21
-50.63234379224674
 31
0.0
  0
LINE
  5
A0
330
1F
100
AcDbEntity
  8
0
100
AcDbLine
 10
-306.0442960832259
 20
-38.61391950198071
 30
0.0
 11
-306.0442960832162
 21
-43.09301457812708
 31
0.0
  0
LINE
  5
A1
330
1F
100
AcDbEntity
  8
0
100
AcDbLine
 10
-283.2631089052616
 20
-54.18829897486341
 30
0.0
 11
-272.4510830121605
 21
-40.8534670400547
 31
0.0
  0
LINE
  5
A2
330
1F
100
AcDbEntity
  8
0
100
AcDbLine
 10
-332.9188665400621
 20
-152.8308439435777
 30
0.0
 11
-335.8170543163873
 21
-152.4492902843471
 31
0.0
  0
LINE
  5
A3
330
1F
100
AcDbEntity
  8
0
100
AcDbLine
 10
-335.8170543163873
 20
-152.4492902843471
 30
0.0
 11
-338.517735385237
 21
-151.3306315579849
 31
0.0
  0
LINE
  5
A4
330
1F
100
AcDbEntity
  8
0
100
AcDbLine
 10
-338.517735385237
 20
-151.3306315579849
 30
0.0
 11
-340.8368627948593
 21
-149.5511025080215
 31
0.0
  0
LINE
  5
A5
330
1F
100
AcDbEntity
  8
0
100
AcDbLine
 10
-340.8368627948593
 20
-149.5511025080215
 30
0.0
 11
-342.6163918448219
 21
-147.2319750984016
 31
0.0
  0
LINE
  5
A6
330
1F
100
AcDbEntity
  8
0
100
AcDbLine
 10
-342.6163918448219
 20
-147.2319750984016
 30
0.0
 11
-343.7350505711846
 21
-144.5312940295511
 31
0.0
  0
LINE
  5
A7
330
1F
100
AcDbEntity
  8
0
100
AcDbLine
 10
-343.7350505711846
 20
-144.5312940295511
 30
0.0
 11
-344.1166042304151
 21
-141.6331062532255
 31
0.0
  0
LINE
  5
A8
330
1F
100
AcDbEntity
  8
0
100
AcDbLine
 10
-344.1166042304151
 20
-141.6331062532255
 30
0.0
 11
-344.1166042304151
 21
59.92617217311608
 31
0.0
  0
LINE
  5
A9
330
1F
100
AcDbEntity
  8
0
100
AcDbLine
 10
-261.2533453218075
 20
-141.6331062532255
 30
0.0
 11
-261.634898981038
 21
-144.5312940295511
 31
0.0
  0
LINE
  5
AA
330
1F
100
AcDbEntity
  8
0
100
AcDbLine
 10
-261.634898981038
 20
-144.5312940295511
 30
0.0
 11
-262.7535577074007
 21
-147.2319750984016
 31
0.0
  0
LINE
  5
AB
330
1F
100
AcDbEntity
  8
0
100
AcDbLine
 10
-262.7535577074007
 20
-147.2319750984016
 30
0.0
 11
-264.5330867573633
 21
-149.5511025080215
 31
0.0
  0
LINE
  5
AC
330
1F
100
AcDbEntity
  8
0
100
AcDbLine
 10
-264.5330867573633
 20
-149.5511025080215
 30
0.0
 11
-266.8522141669856
 21
-151.3306315579849
 31
0.0
  0
LINE
  5
AD
330
1F
100
AcDbEntity
  8
0
100
AcDbLine
 10
-266.8522141669856
 20
-151.3306315579849
 30
0.0
 11
-269.5528952358353
 21
-152.4492902843471
 31
0.0
  0
LINE
  5
AE
330
1F
100
AcDbEntity
  8
0
100
AcDbLine
 10
-269.5528952358353
 20
-152.4492902843471
 30
0.0
 11
-272.4510830121605
 21
-152.8308439435777
 31
0.0
  0
LINE
  5
AF
330
1F
100
AcDbEntity
  8
0
100
AcDbLine
 10
-272.4510830121605
 20
-152.8308439435777
 30
0.0
 11
-332.9188665400621
 21
-152.8308439435777
 31
0.0
  0
LINE
  5
B0
330
1F
100
AcDbEntity
  8
0
100
AcDbLine
 10
-272.4510830121605
 20
71.12390986346826
 30
0.0
 11
-269.5528952358353
 21
70.74235620423774
 31
0.0
  0
LINE
  5
B1
330
1F
100
AcDbEntity
  8
0
100
AcDbLine
 10
-269.5528952358353
 20
70.74235620423774
 30
0.0
 11
-266.8522141669856
 21
69.6236974778755
 31
0.0
  0
LINE
  5
B2
330
1F
100
AcDbEntity
  8
0
100
AcDbLine
 10
-266.8522141669856
 20
69.6236974778755
 30
0.0
 11
-264.5330867573633
 21
67.8441684279121
 31
0.0
  0
LINE
  5
B3
330
1F
100
AcDbEntity
  8
0
100
AcDbLine
 10
-264.5330867573633
 20
67.8441684279121
 30
0.0
 11
-262.7535577074007
 21
65.52504101829217
 31
0.0
  0
LINE
  5
B4
330
1F
100
AcDbEntity
  8
0
100
AcDbLine
 10
-262.7535577074007
 20
65.52504101829217
 30
0.0
 11
-261.634898981038
 21
62.82435994944171
 31
0.0
  0
LINE
  5
B5
330
1F
100
AcDbEntity
  8
0
100
AcDbLine
 10
-261.634898981038
 20
62.82435994944171
 30
0.0
 11
-261.2533453218075
 21
59.92617217311608
 31
0.0
  0
LINE
  5
B6
330
1F
100
AcDbEntity
  8
0
100
AcDbLine
 10
-261.2533453218075
 20
59.92617217311608
 30
0.0
 11
-261.2533453218075
 21
-141.6331062532255
 31
0.0
  0
LINE
  5
B7
330
1F
100
AcDbEntity
  8
0
100
AcDbLine
 10
-342.6163918448219
 20
65.52504101829217
 30
0.0
 11
-340.8368627948593
 21
67.8441684279121
 31
0.0
  0
LINE
  5
B8
330
1F
100
AcDbEntity
  8
0
100
AcDbLine
 10
-343.7350505711846
 20
62.82435994944171
 30
0.0
 11
-342.6163918448219
 21
65.52504101829217
 31
0.0
  0
LINE
  5
B9
330
1F
100
AcDbEntity
  8
0
100
AcDbLine
 10
-344.1166042304151
 20
59.92617217311608
 30
0.0
 11
-343.7350505711846
 21
62.82435994944171
 31
0.0
  0
LINE
  5
BA
330
1F
100
AcDbEntity
  8
0
100
AcDbLine
 10
-332.9188665400621
 20
71.12390986346826
 30
0.0
 11
-272.4510830121605
 21
71.12390986346826
 31
0.0
  0
LINE
  5
BB
330
1F
100
AcDbEntity
  8
0
100
AcDbLine
 10
-335.8170543163873
 20
70.74235620423774
 30
0.0
 11
-332.9188665400621
 21
71.12390986346826
 31
0.0
  0
LINE
  5
BC
330
1F
100
AcDbEntity
  8
0
100
AcDbLine
 10
-340.8368627948593
 20
67.8441684279121
 30
0.0
 11
-338.517735385237
 21
69.6236974778755
 31
0.0
  0
LINE
  5
BD
330
1F
100
AcDbEntity
  8
0
100
AcDbLine
 10
-338.517735385237
 20
69.6236974778755
 30
0.0
 11
-335.8170543163873
 21
70.74235620423774
 31
0.0
  0
LINE
  5
BE
330
1F
100
AcDbEntity
  8
0
100
AcDbLine
 10
-191.7646879147582
 20
52.34390900827311
 30
0.0
 11
-191.7646879147582
 21
26.33295910205916
 31
0.0
  0
LINE
  5
BF
330
1F
100
AcDbEntity
  8
0
100
AcDbLine
 10
-148.0935109223845
 20
59.92617217311608
 30
0.0
 11
-148.0935109223845
 21
-141.6331062532255
 31
0.0
  0
LINE
  5
C0
330
1F
100
AcDbEntity
  8
0
100
AcDbLine
 10
-187.2855928386183
 20
26.33295910205916
 30
0.0
 11
-187.2855928386183
 21
52.34390900827432
 31
0.0
  0
LINE
  5
C1
330
1F
100
AcDbEntity
  8
0
100
AcDbLine
 10
-199.3040171288844
 20
46.23093937519796
 30
0.0
 11
-191.7646879147582
 21
52.34390900827311
 31
0.0
  0
LINE
  5
C2
330
1F
100
AcDbEntity
  8
0
100
AcDbLine
 10
-202.8599723115035
 20
49.11414628002349
 30
0.0
 11
-199.3040171288844
 21
46.23093937519796
 31
0.0
  0
LINE
  5
C3
330
1F
100
AcDbEntity
  8
0
100
AcDbLine
 10
-156.3930608364123
 20
-152.4492902843471
 30
0.0
 11
-159.2912486127375
 21
-152.8308439435777
 31
0.0
  0
LINE
  5
C4
330
1F
100
AcDbEntity
  8
0
100
AcDbLine
 10
-148.0935109223845
 20
-141.6331062532255
 30
0.0
 11
-148.475064581615
 21
-144.5312940295511
 31
0.0
  0
LINE
  5
C5
330
1F
100
AcDbEntity
  8
0
100
AcDbLine
 10
-148.475064581615
 20
-144.5312940295511
 30
0.0
 11
-149.5937233079777
 21
-147.2319750984016
 31
0.0
  0
LINE
  5
C6
330
1F
100
AcDbEntity
  8
0
100
AcDbLine
 10
-149.5937233079777
 20
-147.2319750984016
 30
0.0
 11
-151.3732523579403
 21
-149.5511025080215
 31
0.0
  0
LINE
  5
C7
330
1F
100
AcDbEntity
  8
0
100
AcDbLine
 10
-151.3732523579403
 20
-149.5511025080215
 30
0.0
 11
-153.6923797675626
 21
-151.3306315579849
 31
0.0
  0
LINE
  5
C8
330
1F
100
AcDbEntity
  8
0
100
AcDbLine
 10
-153.6923797675626
 20
-151.3306315579849
 30
0.0
 11
-156.3930608364123
 21
-152.4492902843471
 31
0.0
  0
LINE
  5
C9
330
1F
100
AcDbEntity
  8
0
100
AcDbLine
 10
-229.4565574453989
 20
65.52504101829217
 30
0.0
 11
-227.6770283954363
 21
67.8441684279121
 31
0.0
  0
LINE
  5
CA
330
1F
100
AcDbEntity
  8
0
100
AcDbLine
 10
-230.9567698309921
 20
59.92617217311608
 30
0.0
 11
-230.5752161717616
 21
62.82435994944171
 31
0.0
  0
LINE
  5
CB
330
1F
100
AcDbEntity
  8
0
100
AcDbLine
 10
-230.5752161717616
 20
62.82435994944171
 30
0.0
 11
-229.4565574453989
 21
65.52504101829217
 31
0.0
  0
LINE
  5
CC
330
1F
100
AcDbEntity
  8
0
100
AcDbLine
 10
-227.6770283954363
 20
67.8441684279121
 30
0.0
 11
-225.3579009858139
 21
69.6236974778755
 31
0.0
  0
LINE
  5
CD
330
1F
100
AcDbEntity
  8
0
100
AcDbLine
 10
-225.3579009858139
 20
69.6236974778755
 30
0.0
 11
-222.6572199169643
 21
70.74235620423774
 31
0.0
  0
LINE
  5
CE
330
1F
100
AcDbEntity
  8
0
100
AcDbLine
 10
-222.6572199169643
 20
70.74235620423774
 30
0.0
 11
-219.7590321406391
 21
71.12390986346826
 31
0.0
  0
LINE
  5
CF
330
1F
100
AcDbEntity
  8
0
100
AcDbLine
 10
-229.4565574453989
 20
-147.2319750984016
 30
0.0
 11
-230.5752161717616
 21
-144.5312940295511
 31
0.0
  0
LINE
  5
D0
330
1F
100
AcDbEntity
  8
0
100
AcDbLine
 10
-219.7590321406391
 20
-152.8308439435777
 30
0.0
 11
-222.6572199169643
 21
-152.4492902843471
 31
0.0
  0
LINE
  5
D1
330
1F
100
AcDbEntity
  8
0
100
AcDbLine
 10
-222.6572199169643
 20
-152.4492902843471
 30
0.0
 11
-225.3579009858139
 21
-151.3306315579849
 31
0.0
  0
LINE
  5
D2
330
1F
100
AcDbEntity
  8
0
100
AcDbLine
 10
-225.3579009858139
 20
-151.3306315579849
 30
0.0
 11
-227.6770283954363
 21
-149.5511025080215
 31
0.0
  0
LINE
  5
D3
330
1F
100
AcDbEntity
  8
0
100
AcDbLine
 10
-227.6770283954363
 20
-149.5511025080215
 30
0.0
 11
-229.4565574453989
 21
-147.2319750984016
 31
0.0
  0
LINE
  5
D4
330
1F
100
AcDbEntity
  8
0
100
AcDbLine
 10
-230.5752161717616
 20
-144.5312940295511
 30
0.0
 11
-230.9567698309921
 21
-141.6331062532255
 31
0.0
  0
LINE
  5
D5
330
1F
100
AcDbEntity
  8
0
100
AcDbLine
 10
-219.7590321406391
 20
71.12390986346826
 30
0.0
 11
-159.2912486127375
 21
71.12390986346826
 31
0.0
  0
LINE
  5
D6
330
1F
100
AcDbEntity
  8
0
100
AcDbLine
 10
-230.9567698309921
 20
-141.6331062532255
 30
0.0
 11
-230.9567698309921
 21
59.92617217311608
 31
0.0
  0
LINE
  5
D7
330
1F
100
AcDbEntity
  8
0
100
AcDbLine
 10
-159.2912486127375
 20
-152.8308439435777
 30
0.0
 11
-219.7590321406391
 21
-152.8308439435777
 31
0.0
  0
LINE
  5
D8
330
1F
100
AcDbEntity
  8
0
100
AcDbLine
 10
-179.7462636244922
 20
46.23093937519836
 30
0.0
 11
-176.1903084418731
 21
49.11414628002349
 31
0.0
  0
LINE
  5
D9
330
1F
100
AcDbEntity
  8
0
100
AcDbLine
 10
-189.5251403766883
 20
59.92617217311608
 30
0.0
 11
-202.8599723115035
 21
49.11414628002349
 31
0.0
  0
LINE
  5
DA
330
1F
100
AcDbEntity
  8
0
100
AcDbLine
 10
-187.2855928386183
 20
52.34390900827432
 30
0.0
 11
-179.7462636244922
 21
46.23093937519836
 31
0.0
  0
LINE
  5
DB
330
1F
100
AcDbEntity
  8
0
100
AcDbLine
 10
-191.7646879147582
 20
26.33295910205916
 30
0.0
 11
-187.2855928386183
 21
26.33295910205916
 31
0.0
  0
LINE
  5
DC
330
1F
100
AcDbEntity
  8
0
100
AcDbLine
 10
-156.3930608364123
 20
70.74235620423774
 30
0.0
 11
-153.6923797675626
 21
69.6236974778755
 31
0.0
  0
LINE
  5
DD
330
1F
100
AcDbEntity
  8
0
100
AcDbLine
 10
-159.2912486127375
 20
71.12390986346826
 30
0.0
 11
-156.3930608364123
 21
70.74235620423774
 31
0.0
  0
LINE
  5
DE
330
1F
100
AcDbEntity
  8
0
100
AcDbLine
 10
-153.6923797675626
 20
69.6236974778755
 30
0.0
 11
-151.3732523579403
 21
67.8441684279121
 31
0.0
  0
LINE
  5
DF
330
1F
100
AcDbEntity
  8
0
100
AcDbLine
 10
-151.3732523579403
 20
67.8441684279121
 30
0.0
 11
-149.5937233079777
 21
65.52504101829217
 31
0.0
  0
LINE
  5
E0
330
1F
100
AcDbEntity
  8
0
100
AcDbLine
 10
-149.5937233079777
 20
65.52504101829217
 30
0.0
 11
-148.475064581615
 21
62.82435994944171
 31
0.0
  0
LINE
  5
E1
330
1F
100
AcDbEntity
  8
0
100
AcDbLine
 10
-148.475064581615
 20
62.82435994944171
 30
0.0
 11
-148.0935109223845
 21
59.92617217311608
 31
0.0
  0
LINE
  5
E2
330
1F
100
AcDbEntity
  8
0
100
AcDbLine
 10
-166.8735117775882
 20
-38.61391950197586
 30
0.0
 11
-192.8844616838029
 21
-38.61391950198071
 31
0.0
  0
LINE
  5
E3
330
1F
100
AcDbEntity
  8
0
100
AcDbLine
 10
-192.8844616838029
 20
-38.61391950198071
 30
0.0
 11
-192.8844616837932
 21
-43.09301457812708
 31
0.0
  0
LINE
  5
E4
330
1F
100
AcDbEntity
  8
0
100
AcDbLine
 10
-192.8844616837932
 20
-43.09301457812708
 30
0.0
 11
-166.8735117775849
 21
-43.09301457811819
 31
0.0
  0
LINE
  5
E5
330
1F
100
AcDbEntity
  8
0
100
AcDbLine
 10
-166.8735117775849
 20
-43.09301457811819
 30
0.0
 11
-172.9864814106556
 21
-50.63234379224674
 31
0.0
  0
LINE
  5
E6
330
1F
100
AcDbEntity
  8
0
100
AcDbLine
 10
-172.9864814106556
 20
-50.63234379224674
 30
0.0
 11
-170.1032745058386
 21
-54.18829897486341
 31
0.0
  0
LINE
  5
E7
330
1F
100
AcDbEntity
  8
0
100
AcDbLine
 10
-170.1032745058386
 20
-54.18829897486341
 30
0.0
 11
-159.2912486127375
 21
-40.8534670400547
 31
0.0
  0
LINE
  5
E8
330
1F
100
AcDbEntity
  8
0
100
AcDbLine
 10
-159.2912486127375
 20
-40.8534670400547
 30
0.0
 11
-170.1032745058289
 21
-27.51863510523628
 31
0.0
  0
LINE
  5
E9
330
1F
100
AcDbEntity
  8
0
100
AcDbLine
 10
-170.1032745058289
 20
-27.51863510523628
 30
0.0
 11
-172.9864814106492
 21
-31.07459028785862
 31
0.0
  0
LINE
  5
EA
330
1F
100
AcDbEntity
  8
0
100
AcDbLine
 10
-172.9864814106492
 20
-31.07459028785862
 30
0.0
 11
-166.8735117775882
 21
-38.61391950197586
 31
0.0
  0
LINE
  5
EB
330
1F
100
AcDbEntity
  8
0
100
AcDbLine
 10
-176.1903084418731
 20
49.11414628002349
 30
0.0
 11
-189.5251403766883
 21
59.92617217311608
 31
0.0
  0
LINE
  5
EC
330
1F
100
AcDbEntity
  8
0
100
AcDbLine
 10
-181.1268371089227
 20
-122.5969521796265
 30
0.0
 11
-181.184070157806
 21
-123.031680346075
 31
0.0
  0
LINE
  5
ED
330
1F
100
AcDbEntity
  8
0
100
AcDbLine
 10
-181.184070157806
 20
-123.031680346075
 30
0.0
 11
-181.3518689667632
 21
-123.4367825064027
 31
0.0
  0
LINE
  5
EE
330
1F
100
AcDbEntity
  8
0
100
AcDbLine
 10
-181.3518689667632
 20
-123.4367825064027
 30
0.0
 11
-181.618798324255
 21
-123.7846516178455
 31
0.0
  0
LINE
  5
EF
330
1F
100
AcDbEntity
  8
0
100
AcDbLine
 10
-181.618798324255
 20
-123.7846516178455
 30
0.0
 11
-181.9666674356974
 21
-124.0515809753401
 31
0.0
  0
LINE
  5
F0
330
1F
100
AcDbEntity
  8
0
100
AcDbLine
 10
-181.9666674356974
 20
-124.0515809753401
 30
0.0
 11
-182.3717695960263
 21
-124.2193797842944
 31
0.0
  0
LINE
  5
F1
330
1F
100
AcDbEntity
  8
0
100
AcDbLine
 10
-182.3717695960263
 20
-124.2193797842944
 30
0.0
 11
-182.8064977624752
 21
-124.2766128331789
 31
0.0
  0
LINE
  5
F2
330
1F
100
AcDbEntity
  8
0
100
AcDbLine
 10
-182.8064977624752
 20
-124.2766128331789
 30
0.0
 11
-183.2412259289241
 21
-124.2193797842944
 31
0.0
  0
LINE
  5
F3
330
1F
100
AcDbEntity
  8
0
100
AcDbLine
 10
-183.2412259289241
 20
-124.2193797842944
 30
0.0
 11
-183.6463280892498
 21
-124.0515809753401
 31
0.0
  0
LINE
  5
F4
330
1F
100
AcDbEntity
  8
0
100
AcDbLine
 10
-183.6463280892498
 20
-124.0515809753401
 30
0.0
 11
-183.9941972006955
 21
-123.7846516178455
 31
0.0
  0
LINE
  5
F5
330
1F
100
AcDbEntity
  8
0
100
AcDbLine
 10
-183.9941972006955
 20
-123.7846516178455
 30
0.0
 11
-184.2611265581872
 21
-123.4367825064027
 31
0.0
  0
LINE
  5
F6
330
1F
100
AcDbEntity
  8
0
100
AcDbLine
 10
-184.2611265581872
 20
-123.4367825064027
 30
0.0
 11
-184.4289253671444
 21
-123.031680346075
 31
0.0
  0
LINE
  5
F7
330
1F
100
AcDbEntity
  8
0
100
AcDbLine
 10
-184.4289253671444
 20
-123.031680346075
 30
0.0
 11
-184.4861584160277
 21
-122.5969521796265
 31
0.0
  0
LINE
  5
F8
330
1F
100
AcDbEntity
  8
0
100
AcDbLine
 10
-184.4861584160277
 20
-122.5969521796265
 30
0.0
 11
-184.4289253671444
 21
-122.1622240131779
 31
0.0
  0
LINE
  5
F9
330
1F
100
AcDbEntity
  8
0
100
AcDbLine
 10
-184.4289253671444
 20
-122.1622240131779
 30
0.0
 11
-184.2611265581872
 21
-121.7571218528502
 31
0.0
  0
LINE
  5
FA
330
1F
100
AcDbEntity
  8
0
100
AcDbLine
 10
-184.2611265581872
 20
-121.7571218528502
 30
0.0
 11
-183.9941972006955
 21
-121.4092527414075
 31
0.0
  0
LINE
  5
FB
330
1F
100
AcDbEntity
  8
0
100
AcDbLine
 10
-183.9941972006955
 20
-121.4092527414075
 30
0.0
 11
-183.646328089253
 21
-121.1423233839128
 31
0.0
  0
LINE
  5
FC
330
1F
100
AcDbEntity
  8
0
100
AcDbLine
 10
-183.646328089253
 20
-121.1423233839128
 30
0.0
 11
-183.2412259289241
 21
-120.9745245749585
 31
0.0
  0
LINE
  5
FD
330
1F
100
AcDbEntity
  8
0
100
AcDbLine
 10
-183.2412259289241
 20
-120.9745245749585
 30
0.0
 11
-182.8064977624752
 21
-120.917291526074
 31
0.0
  0
LINE
  5
FE
330
1F
100
AcDbEntity
  8
0
100
AcDbLine
 10
-182.8064977624752
 20
-120.917291526074
 30
0.0
 11
-182.3717695960263
 21
-120.9745245749585
 31
0.0
  0
LINE
  5
FF
330
1F
100
AcDbEntity
  8
0
100
AcDbLine
 10
-182.3717695960263
 20
-120.9745245749585
 30
0.0
 11
-181.9666674357006
 21
-121.1423233839128
 31
0.0
  0
LINE
  5
100
330
1F
100
AcDbEntity
  8
0
100
AcDbLine
 10
-181.9666674357006
 20
-121.1423233839128
 30
0.0
 11
-181.618798324255
 21
-121.4092527414075
 31
0.0
  0
LINE
  5
101
330
1F
100
AcDbEntity
  8
0
100
AcDbLine
 10
-181.618798324255
 20
-121.4092527414075
 30
0.0
 11
-181.3518689667632
 21
-121.7571218528502
 31
0.0
  0
LINE
  5
102
330
1F
100
AcDbEntity
  8
0
100
AcDbLine
 10
-181.3518689667632
 20
-121.7571218528502
 30
0.0
 11
-181.184070157806
 21
-122.1622240131779
 31
0.0
  0
LINE
  5
103
330
1F
100
AcDbEntity
  8
0
100
AcDbLine
 10
-181.184070157806
 20
-122.1622240131779
 30
0.0
 11
-181.1268371089227
 21
-122.5969521796265
 31
0.0
  0
LINE
  5
104
330
1F
100
AcDbEntity
  8
0
100
AcDbLine
 10
-181.184070157806
 20
-87.19891973694772
 30
0.0
 11
-181.3518689667632
 21
-87.60402189727542
 31
0.0
  0
LINE
  5
105
330
1F
100
AcDbEntity
  8
0
100
AcDbLine
 10
-182.3717695960263
 20
-88.38661917516716
 30
0.0
 11
-182.8064977624752
 21
-88.44385222405164
 31
0.0
  0
LINE
  5
106
330
1F
100
AcDbEntity
  8
0
100
AcDbLine
 10
-183.6463280892498
 20
-88.21882036621282
 30
0.0
 11
-183.9941972006955
 21
-87.95189100871819
 31
0.0
  0
LINE
  5
107
330
1F
100
AcDbEntity
  8
0
100
AcDbLine
 10
-184.4289253671444
 20
-86.32946340405064
 30
0.0
 11
-184.2611265581872
 21
-85.92436124372296
 31
0.0
  0
LINE
  5
108
330
1F
100
AcDbEntity
  8
0
100
AcDbLine
 10
-182.8064977624752
 20
-88.44385222405164
 30
0.0
 11
-183.2412259289241
 21
-88.38661917516716
 31
0.0
  0
LINE
  5
109
330
1F
100
AcDbEntity
  8
0
100
AcDbLine
 10
-184.4289253671444
 20
-87.19891973694772
 30
0.0
 11
-184.4861584160277
 21
-86.7641915704992
 31
0.0
  0
LINE
  5
10A
330
1F
100
AcDbEntity
  8
0
100
AcDbLine
 10
-181.1268371089227
 20
-86.7641915704992
 30
0.0
 11
-181.184070157806
 21
-87.19891973694772
 31
0.0
  0
LINE
  5
10B
330
1F
100
AcDbEntity
  8
0
100
AcDbLine
 10
-181.3518689667632
 20
-87.60402189727542
 30
0.0
 11
-181.618798324255
 21
-87.95189100871819
 31
0.0
  0
LINE
  5
10C
330
1F
100
AcDbEntity
  8
0
100
AcDbLine
 10
-181.9666674356974
 20
-88.21882036621282
 30
0.0
 11
-182.3717695960263
 21
-88.38661917516716
 31
0.0
  0
LINE
  5
10D
330
1F
100
AcDbEntity
  8
0
100
AcDbLine
 10
-184.4861584160277
 20
-86.7641915704992
 30
0.0
 11
-184.4289253671444
 21
-86.32946340405064
 31
0.0
  0
LINE
  5
10E
330
1F
100
AcDbEntity
  8
0
100
AcDbLine
 10
-184.2611265581872
 20
-87.60402189727542
 30
0.0
 11
-184.4289253671444
 21
-87.19891973694772
 31
0.0
  0
LINE
  5
10F
330
1F
100
AcDbEntity
  8
0
100
AcDbLine
 10
-183.9941972006955
 20
-87.95189100871819
 30
0.0
 11
-184.2611265581872
 21
-87.60402189727542
 31
0.0
  0
LINE
  5
110
330
1F
100
AcDbEntity
  8
0
100
AcDbLine
 10
-181.618798324255
 20
-87.95189100871819
 30
0.0
 11
-181.9666674356974
 21
-88.21882036621282
 31
0.0
  0
LINE
  5
111
330
1F
100
AcDbEntity
  8
0
100
AcDbLine
 10
-183.2412259289241
 20
-88.38661917516716
 30
0.0
 11
-183.6463280892498
 21
-88.21882036621282
 31
0.0
  0
LINE
  5
112
330
1F
100
AcDbEntity
  8
0
100
AcDbLine
 10
-184.2611265581872
 20
-85.92436124372296
 30
0.0
 11
-183.9941972006955
 21
-85.57649213228017
 31
0.0
  0
LINE
  5
113
330
1F
100
AcDbEntity
  8
0
100
AcDbLine
 10
-181.9666674357006
 20
-85.30956277478553
 30
0.0
 11
-181.618798324255
 21
-85.57649213228017
 31
0.0
  0
LINE
  5
114
330
1F
100
AcDbEntity
  8
0
100
AcDbLine
 10
-181.618798324255
 20
-85.57649213228017
 30
0.0
 11
-181.3518689667632
 21
-85.92436124372296
 31
0.0
  0
LINE
  5
115
330
1F
100
AcDbEntity
  8
0
100
AcDbLine
 10
-183.9941972006955
 20
-85.57649213228017
 30
0.0
 11
-183.646328089253
 21
-85.30956277478553
 31
0.0
  0
LINE
  5
116
330
1F
100
AcDbEntity
  8
0
100
AcDbLine
 10
-183.2412259289241
 20
-85.14176396583122
 30
0.0
 11
-182.8064977624752
 21
-85.08453091694672
 31
0.0
  0
LINE
  5
117
330
1F
100
AcDbEntity
  8
0
100
AcDbLine
 10
-183.646328089253
 20
-85.30956277478553
 30
0.0
 11
-183.2412259289241
 21
-85.14176396583122
 31
0.0
  0
LINE
  5
118
330
1F
100
AcDbEntity
  8
0
100
AcDbLine
 10
-181.3518689667632
 20
-85.92436124372296
 30
0.0
 11
-181.184070157806
 21
-86.32946340405064
 31
0.0
  0
LINE
  5
119
330
1F
100
AcDbEntity
  8
0
100
AcDbLine
 10
-181.184070157806
 20
-86.32946340405064
 30
0.0
 11
-181.1268371089227
 21
-86.7641915704992
 31
0.0
  0
LINE
  5
11A
330
1F
100
AcDbEntity
  8
0
100
AcDbLine
 10
-182.8064977624752
 20
-85.08453091694672
 30
0.0
 11
-182.3717695960263
 21
-85.14176396583122
 31
0.0
  0
LINE
  5
11B
330
1F
100
AcDbEntity
  8
0
100
AcDbLine
 10
-182.3717695960263
 20
-85.14176396583122
 30
0.0
 11
-181.9666674357006
 21
-85.30956277478553
 31
0.0
  0
ENDSEC
  0
SECTION
  2
OBJECTS
  0
DICTIONARY
  5
C
330
0
100
AcDbDictionary
  3
ACAD_GROUP
350
D
  3
ACAD_LAYOUT
350
1A
  3
ACAD_MATERIAL
350
43
  3
ACAD_MLEADERSTYLE
350
5B
  3
ACAD_MLINESTYLE
350
17
  3
ACAD_PLOTSETTINGS
350
19
  3
ACAD_SCALELIST
350
47
  3
ACAD_VISUALSTYLE
350
2A
  3
ACDBHEADERROUNDTRIPXREC
350
11C
  3
ACDBVARIABLEDICTIONARY
350
13D
  3
DWGPROPS
350
144
  0
DICTIONARY
  5
145
330
8
100
AcDbDictionary
280
     1
  3
ACAD_XREC_ROUNDTRIP
360
146
  0
DICTIONARY
  5
D
102
{ACAD_REACTORS
330
C
102
}
330
C
100
AcDbDictionary
  0
DICTIONARY
  5
1A
102
{ACAD_REACTORS
330
C
102
}
330
C
100
AcDbDictionary
  0
DICTIONARY
  5
43
102
{ACAD_REACTORS
330
C
102
}
330
C
100
AcDbDictionary
  3
BYBLOCK
350
45
  3
BYLAYER
350
44
  3
GLOBAL
350
46
  0
DICTIONARY
  5
5B
102
{ACAD_REACTORS
330
C
102
}
330
C
100
AcDbDictionary
  3
STANDARD
350
5C
  0
DICTIONARY
  5
17
102
{ACAD_REACTORS
330
C
102
}
330
C
100
AcDbDictionary
  3
STANDARD
350
18
  0
DICTIONARY
  5
19
102
{ACAD_REACTORS
330
C
102
}
330
C
100
AcDbDictionary
  0
DICTIONARY
  5
47
102
{ACAD_REACTORS
330
C
102
}
330
C
100
AcDbDictionary
  3
A0
350
48
  3
A1
350
49
  3
A2
350
4A
  3
A3
350
4B
  3
A4
350
4C
  3
A5
350
4D
  3
A6
350
4E
  3
A7
350
4F
  3
A8
350
50
  3
A9
350
51
  3
B1
350
52
  3
B2
350
53
  3
B3
350
54
  3
B4
350
55
  3
B5
350
56
  3
B6
350
57
  3
B7
350
58
  0
DICTIONARY
  5
2A
102
{ACAD_REACTORS
330
C
102
}
330
C
100
AcDbDictionary
  3
2DWIREFRAME
350
2F
  3
BASIC
350
32
  3
BRIGHTEN
350
36
  3
COLORCHANGE
350
3A
  3
CONCEPTUAL
350
34
  3
DIM
350
35
  3
EDGECOLOROFF
350
3D
  3
FACEPATTERN
350
39
  3
FLAT
350
2B
  3
FLATWITHEDGES
350
2C
  3
GOURAUD
350
2D
  3
GOURAUDWITHEDGES
350
2E
  3
HIDDEN
350
31
  3
JITTEROFF
350
3B
  3
LINEPATTERN
350
38
  3
OVERHANGOFF
350
3C
  3
REALISTIC
350
33
  3
SHADED
350
42
  3
SHADED_WITH_EDGES
350
41
  3
SHADES_OF_GRAY
350
3E
  3
SKETCHY
350
3F
  3
THICKEN
350
37
  3
WIREFRAME
350
30
  3
X-RAY
350
40
  0
DICTIONARY
  5
11C
102
{ACAD_REACTORS
330
C
102
}
330
C
100
AcDbDictionary
  3
CEPSNID
350
126
  3
CEPSNTYPE
350
125
  3
DIMSTYLEDATA
350
13C
  3
FINGERPRINTGUID
350
127
  3
HYPERLINKBASE
350
11F
  3
INSUNITS
350
124
  3
LAYOUTDICT
350
121
  3
LWETCUNION
350
123
  3
PLOTSETDICT
350
122
  3
PSVPSCALE
350
129
  3
PUCSBASE
350
12C
  3
PUCSORGBACK
350
132
  3
PUCSORGBOTTOM
350
12E
  3
PUCSORGFRONT
350
131
  3
PUCSORGLEFT
350
12F
  3
PUCSORGRIGHT
350
130
  3
PUCSORGTOP
350
12D
  3
PUCSORTHOREF
350
12A
  3
PUCSORTHOVIEW
350
12B
  3
STYLESHEET
350
120
  3
TSTACKALIGN
350
11D
  3
TSTACKSIZE
350
11E
  3
UCSBASE
350
135
  3
UCSORGBACK
350
13B
  3
UCSORGBOTTOM
350
137
  3
UCSORGFRONT
350
13A
  3
UCSORGLEFT
350
138
  3
UCSORGRIGHT
350
139
  3
UCSORGTOP
350
136
  3
UCSORTHOREF
350
133
  3
UCSORTHOVIEW
350
134
  3
VERSIONGUID
350
128
  0
DICTIONARY
  5
13D
102
{ACAD_REACTORS
330
C
102
}
330
C
100
AcDbDictionary
  3
CANNOSCALE
350
147
  3
CMLEADERSTYLE
350
13F
  3
CTABLESTYLE
350
13E
  3
DIMASSOC
350
142
  3
HIDETEXT
350
143
  3
MSLTSCALE
350
148
  0
XRECORD
  5
144
102
{ACAD_REACTORS
330
C
102
}
330
C
100
AcDbXrecord
  1
DWGPROPS COOKIE
  2

  3

  4

  6

  7

  8
pawel
  9

300
=
301
=
302
=
303
=
304
=
305
=
306
=
307
=
308
=
309
=
 40
0.0
 41
2460775.600874294
 42
2460775.600874468
  1

 90
        0
  0
XRECORD
  5
146
102
{ACAD_REACTORS
330
145
102
}
330
145
100
AcDbXrecord
102
VTR_0.000_0.000_1.000_1.000_VISUALSTYLE
340
2F
102
VTR_0.000_0.000_1.000_1.000_GRIDDISPLAY
 70
     3
102
VTR_0.000_0.000_1.000_1.000_GRIDMAJOR
 70
     5
102
VTR_0.000_0.000_1.000_1.000_DEFAULTLIGHTING
280
     1
102
VTR_0.000_0.000_1.000_1.000_DEFAULTLIGHTINGTYPE
 70
     1
102
VTR_0.000_0.000_1.000_1.000_BRIGHTNESS
141
0.0
102
VTR_0.000_0.000_1.000_1.000_CONTRAST
142
0.0
  0
MATERIAL
  5
45
102
{ACAD_REACTORS
330
43
102
}
102
{ACAD_XDICTIONARY
360
14B
102
}
330
43
100
AcDbMaterial
  1
BYBLOCK
  0
MATERIAL
  5
44
102
{ACAD_REACTORS
330
43
102
}
102
{ACAD_XDICTIONARY
360
149
102
}
330
43
100
AcDbMaterial
  1
BYLAYER
  0
MATERIAL
  5
46
102
{ACAD_REACTORS
330
43
102
}
102
{ACAD_XDICTIONARY
360
14D
102
}
330
43
100
AcDbMaterial
  1
GLOBAL
  0
ACAD_PROXY_OBJECT
  5
5C
102
{ACAD_REACTORS
330
5B
102
}
330
5B
100
AcDbProxyObject
 90
      499
 91
      505
 93
      610
310
40901902A4063FBFFFFFE056BD1B81E855B9FC0AD7A3703D0AD73F4214DD185B99185C9900AD7A3703D0AC73F90141901A02B5E8DC0F42B1CFC02B5E8DC0F42B1CFE5764000000000000300FC0
340
14
340
0
340
11
340
0
 94
        0
1001
ACAD_MLEADERVER
1070
     2
  0
MLINESTYLE
  5
18
102
{ACAD_REACTORS
330
17
102
}
330
17
100
AcDbMlineStyle
  2
Standard
 70
     0
  3

 62
   256
 51
90.0
 52
90.0
 71
     2
 49
0.5
 62
   256
  6
BYLAYER
 49
-0.5
 62
   256
  6
BYLAYER
  0
ACAD_PROXY_OBJECT
  5
48
102
{ACAD_REACTORS
330
47
102
}
330
47
100
AcDbProxyObject
 90
      499
 91
      503
 93
       41
310
903313A31580
  0
ACAD_PROXY_OBJECT
  5
49
102
{ACAD_REACTORS
330
47
102
}
330
47
100
AcDbProxyObject
 90
      499
 91
      503
 93
      257
310
90E312F31323822203D2031272D3022000000000000200FC000000000000284000
  0
ACAD_PROXY_OBJECT
  5
4A
102
{ACAD_REACTORS
330
47
102
}
330
47
100
AcDbProxyObject
 90
      499
 91
      503
 93
      249
310
90D312F363422203D2031272D3022000000000000240FC000000000000284000
  0
ACAD_PROXY_OBJECT
  5
4B
102
{ACAD_REACTORS
330
47
102
}
330
47
100
AcDbProxyObject
 90
      499
 91
      503
 93
      249
310
90D312F333222203D2031272D3022000000000000280FC000000000000284000
  0
ACAD_PROXY_OBJECT
  5
4C
102
{ACAD_REACTORS
330
47
102
}
330
47
100
AcDbProxyObject
 90
      499
 91
      503
 93
      249
310
90D312F313622203D2031272D30220000000000002C0FC000000000000284000
  0
ACAD_PROXY_OBJECT
  5
4D
102
{ACAD_REACTORS
330
47
102
}
330
47
100
AcDbProxyObject
 90
      499
 91
      503
 93
      249
310
90D332F333222203D2031272D30220000000000002E0FC000000000000284000
  0
ACAD_PROXY_OBJECT
  5
4E
102
{ACAD_REACTORS
330
47
102
}
330
47
100
AcDbProxyObject
 90
      499
 91
      503
 93
      241
310
90C312F3822203D2031272D3022000000000000300FC000000000000284000
  0
ACAD_PROXY_OBJECT
  5
4F
102
{ACAD_REACTORS
330
47
102
}
330
47
100
AcDbProxyObject
 90
      499
 91
      503
 93
      249
310
90D332F313622203D2031272D3022000000000000320FC000000000000284000
  0
ACAD_PROXY_OBJECT
  5
50
102
{ACAD_REACTORS
330
47
102
}
330
47
100
AcDbProxyObject
 90
      499
 91
      503
 93
      241
310
90C312F3422203D2031272D3022000000000000340FC000000000000284000
  0
ACAD_PROXY_OBJECT
  5
51
102
{ACAD_REACTORS
330
47
102
}
330
47
100
AcDbProxyObject
 90
      499
 91
      503
 93
      241
310
90C332F3822203D2031272D3022000000000000360FC000000000000284000
  0
ACAD_PROXY_OBJECT
  5
52
102
{ACAD_REACTORS
330
47
102
}
330
47
100
AcDbProxyObject
 90
      499
 91
      503
 93
      241
310
90C312F3222203D2031272D3022000000000000380FC000000000000284000
  0
ACAD_PROXY_OBJECT
  5
53
102
{ACAD_REACTORS
330
47
102
}
330
47
100
AcDbProxyObject
 90
      499
 91
      503
 93
      241
310
90C332F3422203D2031272D30220000000000003A0FC000000000000284000
  0
ACAD_PROXY_OBJECT
  5
54
102
{ACAD_REACTORS
330
47
102
}
330
47
100
AcDbProxyObject
 90
      499
 91
      503
 93
      161
310
90A3122203D2031272D30224000000000000284000
  0
ACAD_PROXY_OBJECT
  5
55
102
{ACAD_REACTORS
330
47
102
}
330
47
100
AcDbProxyObject
 90
      499
 91
      503
 93
      257
310
90E312D312F3222203D2031272D30220000000000003E0FC000000000000284000
  0
ACAD_PROXY_OBJECT
  5
56
102
{ACAD_REACTORS
330
47
102
}
330
47
100
AcDbProxyObject
 90
      499
 91
      503
 93
      225
310
90A3322203D2031272D302200000000000002100000000000000284000
  0
ACAD_PROXY_OBJECT
  5
57
102
{ACAD_REACTORS
330
47
102
}
330
47
100
AcDbProxyObject
 90
      499
 91
      503
 93
      225
310
90A3622203D2031272D302200000000000006100000000000000284000
  0
ACAD_PROXY_OBJECT
  5
58
102
{ACAD_REACTORS
330
47
102
}
330
47
100
AcDbProxyObject
 90
      499
 91
      503
 93
      249
310
90D31272D3022203D2031272D30220000000000000A100000000000000284000
  0
ACAD_PROXY_OBJECT
  5
2F
102
{ACAD_REACTORS
330
2A
102
}
330
2A
100
AcDbProxyObject
 90
      499
 91
      501
 93
      436
310
42CC9915DA5C99599C985B595049028333333333333E33F0000000000000F90107901411070040501600405405064090741402480A0340
1001
ACAD
1000
AcDbSavedByObjectVersion
1070
     0
  0
ACAD_PROXY_OBJECT
  5
32
102
{ACAD_REACTORS
330
2A
102
}
330
2A
100
AcDbProxyObject
 90
      499
 91
      501
 93
      388
310
4150985CDA58D07406404333333333333E33F0000000000000F90107A41107004050150841D405064090741402480A0350
1001
ACAD
1000
AcDbSavedByObjectVersion
1070
     0
  0
ACAD_PROXY_OBJECT
  5
36
102
{ACAD_REACTORS
330
2A
102
}
330
2A
100
AcDbProxyObject
 90
      499
 91
      501
 93
      428
310
42109C9A59DA1D195B90C409028333333333333E33F0000000000000F9010790141107004050150841D405064090741402480A029950
1001
ACAD
1000
AcDbSavedByObjectVersion
1070
     0
  0
ACAD_PROXY_OBJECT
  5
3A
102
{ACAD_REACTORS
330
2A
102
}
330
2A
100
AcDbProxyObject
 90
      499
 91
      501
 93
      452
310
42D0DBDB1BDC90DA185B99D95104090240C333333333333E33F0000000000000F90108901411070040501508421405064090741402480A0350
1001
ACAD
1000
AcDbSavedByObjectVersion
1070
     0
  0
ACAD_PROXY_OBJECT
  5
34
102
{ACAD_REACTORS
330
2A
102
}
330
2A
100
AcDbProxyObject
 90
      499
 91
      501
 93
      500
310
4290DBDB98D95C1D1D585B10940D028333333333333E33F0000000000000F90107902409070040501000000000018199010841D405064090740C02480A0340
1001
ACAD
1000
AcDbSavedByObjectVersion
1070
     0
  0
ACAD_PROXY_OBJECT
  5
35
102
{ACAD_REACTORS
330
2A
102
}
330
2A
100
AcDbProxyObject
 90
      499
 91
      501
 93
      412
310
40D11A5B50B409028333333333333E33F0000000000000F9010790141107004050150841D405064090741402480A02677FFFFFD0
1001
ACAD
1000
AcDbSavedByObjectVersion
1070
     0
  0
ACAD_PROXY_OBJECT
  5
3D
102
{ACAD_REACTORS
330
2A
102
}
330
2A
100
AcDbProxyObject
 90
      499
 91
      501
 93
      452
310
43115919D950DBDB1BDC93D999916409028333333333333E33F0000000000000F9010790141107004050150841D405064090741402480A0350
1001
ACAD
1000
AcDbSavedByObjectVersion
1070
     0
  0
ACAD_PROXY_OBJECT
  5
39
102
{ACAD_REACTORS
330
2A
102
}
330
2A
100
AcDbProxyObject
 90
      499
 91
      501
 93
      444
310
42D19858D95C185D1D195C9B90F409028333333333333E33F0000000000000F9010790141107004050150841D405064090741402480A0350
1001
ACAD
1000
AcDbSavedByObjectVersion
1070
     0
  0
ACAD_PROXY_OBJECT
  5
2B
102
{ACAD_REACTORS
330
2A
102
}
330
2A
100
AcDbProxyObject
 90
      499
 91
      501
 93
      380
310
41119B185D240901404333333333333E33F0000000000000F9010740A907004050150841D405064090741402480A1B50
1001
ACAD
1000
AcDbSavedByObjectVersion
1070
     0
  0
ACAD_PROXY_OBJECT
  5
2C
102
{ACAD_REACTORS
330
2A
102
}
330
2A
100
AcDbProxyObject
 90
      499
 91
      501
 93
      468
310
43519B185D15DA5D1A115919D95CD0140901404333333333333E33F0000000000000F90107409019070040501600405405064090741402480A1B50
1001
ACAD
1000
AcDbSavedByObjectVersion
1070
     0
  0
ACAD_PROXY_OBJECT
  5
2D
102
{ACAD_REACTORS
330
2A
102
}
330
2A
100
AcDbProxyObject
 90
      499
 91
      501
 93
      404
310
41D1DBDD5C985D5910240902404333333333333E33F0000000000000F9010740A9070040501641D405064090741402480A1B50
1001
ACAD
1000
AcDbSavedByObjectVersion
1070
     0
  0
ACAD_PROXY_OBJECT
  5
2E
102
{ACAD_REACTORS
330
2A
102
}
330
2A
100
AcDbProxyObject
 90
      499
 91
      501
 93
      492
310
4411DBDD5C985D5915DA5D1A115919D95CD0340902404333333333333E33F0000000000000F90107409019070040501600405405064090741402480A1B50
1001
ACAD
1000
AcDbSavedByObjectVersion
1070
     0
  0
ACAD_PROXY_OBJECT
  5
31
102
{ACAD_REACTORS
330
2A
102
}
330
2A
100
AcDbProxyObject
 90
      499
 91
      501
 93
      476
310
41921A5919195B90640502408333333333333E33F0000000000000F901079024090700405020000000000001110200405405064090740C02480A0340
1001
ACAD
1000
AcDbSavedByObjectVersion
1070
     0
  0
ACAD_PROXY_OBJECT
  5
3B
102
{ACAD_REACTORS
330
2A
102
}
330
2A
100
AcDbProxyObject
 90
      499
 91
      501
 93
      428
310
42529A5D1D195C93D999914409028333333333333E33F0000000000000F9010790141107004050150A41D405064090741402480A0350
1001
ACAD
1000
AcDbSavedByObjectVersion
1070
     0
  0
ACAD_PROXY_OBJECT
  5
38
102
{ACAD_REACTORS
330
2A
102
}
330
2A
100
AcDbProxyObject
 90
      499
 91
      501
 93
      444
310
42D31A5B995C185D1D195C9B90E409028333333333333E33F0000000000000F9010790141107004050750841D405064090741402483A0350
1001
ACAD
1000
AcDbSavedByObjectVersion
1070
     0
  0
ACAD_PROXY_OBJECT
  5
3C
102
{ACAD_REACTORS
330
2A
102
}
330
2A
100
AcDbProxyObject
 90
      499
 91
      501
 93
      444
310
42D3DD995C9A185B99D3D999915409028333333333333E33F0000000000000F9010790141107004050150941D405064090741402480A0350
1001
ACAD
1000
AcDbSavedByObjectVersion
1070
     0
  0
ACAD_PROXY_OBJECT
  5
33
102
{ACAD_REACTORS
330
2A
102
}
330
2A
100
AcDbProxyObject
 90
      499
 91
      501
 93
      428
310
425499585B1A5CDD1A58D08409038333333333333E33F0000000000000F9010740A907004050150800405405064090740C02480A1B40
1001
ACAD
1000
AcDbSavedByObjectVersion
1070
     0
  0
ACAD_PROXY_OBJECT
  5
42
102
{ACAD_REACTORS
330
2A
102
}
330
2A
100
AcDbProxyObject
 90
      499
 91
      501
 93
      420
310
4194DA1859195911B40902404333333333333E33F0000000000000F9010740A41107004050150800405405064090840C02480A0B40
1001
ACAD
1000
AcDbSavedByObjectVersion
1070
     0
  0
ACAD_PROXY_OBJECT
  5
41
102
{ACAD_REACTORS
330
2A
102
}
330
2A
100
AcDbProxyObject
 90
      499
 91
      501
 93
      516
310
4454DA18591959081DDA5D1A08195919D95CD1A40902404333333333333E33F0000000000000F901074090142907004050250800405405064090740C02480A0B40
1001
ACAD
1000
AcDbSavedByObjectVersion
1070
     0
  0
ACAD_PROXY_OBJECT
  5
3E
102
{ACAD_REACTORS
330
2A
102
}
330
2A
100
AcDbProxyObject
 90
      499
 91
      501
 93
      532
310
4394DA1859195CC81BD98811DC985E5174090240C333333333333E33F0000000000000F901079024090741D01000000000000111010841D405064090740C02480A0340
1001
ACAD
1000
AcDbSavedByObjectVersion
1070
     0
  0
ACAD_PROXY_OBJECT
  5
3F
102
{ACAD_REACTORS
330
2A
102
}
330
2A
100
AcDbProxyObject
 90
      499
 91
      501
 93
      476
310
41D4DAD95D18DA1E51840502408333333333333E33F0000000000000F901079024090741D01000000000000111010B41D405064090741802480A0340
1001
ACAD
1000
AcDbSavedByObjectVersion
1070
     0
  0
ACAD_PROXY_OBJECT
  5
37
102
{ACAD_REACTORS
330
2A
102
}
330
2A
100
AcDbProxyObject
 90
      499
 91
      501
 93
      412
310
41D51A1A58DAD95B90D409028333333333333E33F0000000000000F9010790141107004050150C41D405064090741402480A0350
1001
ACAD
1000
AcDbSavedByObjectVersion
1070
     0
  0
ACAD_PROXY_OBJECT
  5
30
102
{ACAD_REACTORS
330
2A
102
}
330
2A
100
AcDbProxyObject
 90
      499
 91
      501
 93
      420
310
4255DA5C99599C985B595059028333333333333E33F0000000000000F90107901411070040501600405405064090740C02480A0340
1001
ACAD
1000
AcDbSavedByObjectVersion
1070
     0
  0
ACAD_PROXY_OBJECT
  5
40
102
{ACAD_REACTORS
330
2A
102
}
330
2A
100
AcDbProxyObject
 90
      499
 91
      501
 93
      404
310
41560B54985E51940902404000000000000E03F0000000000000F9010740501907004050150841D405064090740C02480A1B40
1001
ACAD
1000
AcDbSavedByObjectVersion
1070
     0
  0
XRECORD
  5
126
102
{ACAD_REACTORS
330
11C
102
}
330
11C
100
AcDbXrecord
340
0
  0
XRECORD
  5
125
102
{ACAD_REACTORS
330
11C
102
}
330
11C
100
AcDbXrecord
 90
        0
  0
XRECORD
  5
13C
102
{ACAD_REACTORS
330
11C
102
}
330
11C
100
AcDbXrecord
1000
DSTYLE
1002
{
1070
   171
 70
     2
1070
   143
 40
25.4
1070
   274
 70
     2
1070
    41
 40
0.18
1070
   141
 40
0.09
1070
   271
 70
     4
1070
    43
 40
0.38
1070
   278
 70
    46
1070
    44
 40
0.18
1070
    42
 40
0.0625
1070
   147
 40
0.09
1070
    77
 70
     0
1070
   272
 70
     4
1070
    73
 70
     1
1070
   172
 70
     0
1070
    74
 70
     1
1070
   283
 70
     1
1070
   340
340
11
1070
   140
 40
0.18
1070
   284
 70
     0
1070
    78
 70
     0
1002
}
  0
XRECORD
  5
127
102
{ACAD_REACTORS
330
11C
102
}
330
11C
100
AcDbXrecord
  1
{1374e6f5-72c0-2348-97b9-6745cff776f8}
  0
XRECORD
  5
11F
102
{ACAD_REACTORS
330
11C
102
}
330
11C
100
AcDbXrecord
  1

  0
XRECORD
  5
124
102
{ACAD_REACTORS
330
11C
102
}
330
11C
100
AcDbXrecord
 90
        4
  0
XRECORD
  5
121
102
{ACAD_REACTORS
330
11C
102
}
330
11C
100
AcDbXrecord
340
1A
  0
XRECORD
  5
123
102
{ACAD_REACTORS
330
11C
102
}
330
11C
100
AcDbXrecord
 90
    10781
  0
XRECORD
  5
122
102
{ACAD_REACTORS
330
11C
102
}
330
11C
100
AcDbXrecord
340
19
  0
XRECORD
  5
129
102
{ACAD_REACTORS
330
11C
102
}
330
11C
100
AcDbXrecord
 40
0.0
  0
XRECORD
  5
12C
102
{ACAD_REACTORS
330
11C
102
}
330
11C
100
AcDbXrecord
340
0
  0
XRECORD
  5
132
102
{ACAD_REACTORS
330
11C
102
}
330
11C
100
AcDbXrecord
 10
0.0
 20
0.0
 30
0.0
  0
XRECORD
  5
12E
102
{ACAD_REACTORS
330
11C
102
}
330
11C
100
AcDbXrecord
 10
0.0
 20
0.0
 30
0.0
  0
XRECORD
  5
131
102
{ACAD_REACTORS
330
11C
102
}
330
11C
100
AcDbXrecord
 10
0.0
 20
0.0
 30
0.0
  0
XRECORD
  5
12F
102
{ACAD_REACTORS
330
11C
102
}
330
11C
100
AcDbXrecord
 10
0.0
 20
0.0
 30
0.0
  0
XRECORD
  5
130
102
{ACAD_REACTORS
330
11C
102
}
330
11C
100
AcDbXrecord
 10
0.0
 20
0.0
 30
0.0
  0
XRECORD
  5
12D
102
{ACAD_REACTORS
330
11C
102
}
330
11C
100
AcDbXrecord
 10
0.0
 20
0.0
 30
0.0
  0
XRECORD
  5
12A
102
{ACAD_REACTORS
330
11C
102
}
330
11C
100
AcDbXrecord
340
0
  0
XRECORD
  5
12B
102
{ACAD_REACTORS
330
11C
102
}
330
11C
100
AcDbXrecord
 70
     0
  0
XRECORD
  5
120
102
{ACAD_REACTORS
330
11C
102
}
330
11C
100
AcDbXrecord
  1

  0
XRECORD
  5
11D
102
{ACAD_REACTORS
330
11C
102
}
330
11C
100
AcDbXrecord
 90
        1
  0
XRECORD
  5
11E
102
{ACAD_REACTORS
330
11C
102
}
330
11C
100
AcDbXrecord
 90
       70
  0
XRECORD
  5
135
102
{ACAD_REACTORS
330
11C
102
}
330
11C
100
AcDbXrecord
340
0
  0
XRECORD
  5
13B
102
{ACAD_REACTORS
330
11C
102
}
330
11C
100
AcDbXrecord
 10
0.0
 20
0.0
 30
0.0
  0
XRECORD
  5
137
102
{ACAD_REACTORS
330
11C
102
}
330
11C
100
AcDbXrecord
 10
0.0
 20
0.0
 30
0.0
  0
XRECORD
  5
13A
102
{ACAD_REACTORS
330
11C
102
}
330
11C
100
AcDbXrecord
 10
0.0
 20
0.0
 30
0.0
  0
XRECORD
  5
138
102
{ACAD_REACTORS
330
11C
102
}
330
11C
100
AcDbXrecord
 10
0.0
 20
0.0
 30
0.0
  0
XRECORD
  5
139
102
{ACAD_REACTORS
330
11C
102
}
330
11C
100
AcDbXrecord
 10
0.0
 20
0.0
 30
0.0
  0
XRECORD
  5
136
102
{ACAD_REACTORS
330
11C
102
}
330
11C
100
AcDbXrecord
 10
0.0
 20
0.0
 30
0.0
  0
XRECORD
  5
133
102
{ACAD_REACTORS
330
11C
102
}
330
11C
100
AcDbXrecord
340
0
  0
XRECORD
  5
134
102
{ACAD_REACTORS
330
11C
102
}
330
11C
100
AcDbXrecord
 70
     0
  0
XRECORD
  5
128
102
{ACAD_REACTORS
330
11C
102
}
330
11C
100
AcDbXrecord
  1
{FAEB1C32-E019-11D5-929B-00C0DF256EC4}
  0
DICTIONARYVAR
  5
147
102
{ACAD_REACTORS
330
13D
102
}
330
13D
100
DictionaryVariables
280
     0
  1
1:1
  0
DICTIONARYVAR
  5
13F
102
{ACAD_REACTORS
330
13D
102
}
330
13D
100
DictionaryVariables
280
     0
  1
Standard
  0
DICTIONARYVAR
  5
13E
102
{ACAD_REACTORS
330
13D
102
}
330
13D
100
DictionaryVariables
280
     0
  1
Standard
  0
DICTIONARYVAR
  5
142
102
{ACAD_REACTORS
330
13D
102
}
330
13D
100
DictionaryVariables
280
     0
  1
2
  0
DICTIONARYVAR
  5
143
102
{ACAD_REACTORS
330
13D
102
}
330
13D
100
DictionaryVariables
280
     0
  1
1
  0
DICTIONARYVAR
  5
148
102
{ACAD_REACTORS
330
13D
102
}
330
13D
100
DictionaryVariables
280
     0
  1
1
  0
DICTIONARY
  5
14B
330
45
100
AcDbDictionary
280
     1
  3
ACAD_XREC_ROUNDTRIP
360
14C
  0
DICTIONARY
  5
149
330
44
100
AcDbDictionary
280
     1
  3
ACAD_XREC_ROUNDTRIP
360
14A
  0
DICTIONARY
  5
14D
330
46
100
AcDbDictionary
280
     1
  3
ACAD_XREC_ROUNDTRIP
360
14E
  0
XRECORD
  5
14C
102
{ACAD_REACTORS
330
14B
102
}
330
14B
100
AcDbXrecord
102
MATERIAL
148
0.0
149
0.0
149
0.0
 93
        0
 94
      127
282
     0
 72
     1
 77
     1
171
     1
175
     1
179
     1
273
     0
  0
XRECORD
  5
14A
102
{ACAD_REACTORS
330
149
102
}
330
149
100
AcDbXrecord
102
MATERIAL
148
0.0
149
0.0
149
0.0
 93
        0
 94
      127
282
     0
 72
     1
 77
     1
171
     1
175
     1
179
     1
273
     0
  0
XRECORD
  5
14E
102
{ACAD_REACTORS
330
14D
102
}
330
14D
100
AcDbXrecord
102
MATERIAL
148
0.0
149
0.0
149
0.0
 93
        0
 94
      127
282
     0
 72
     1
 77
     1
171
     1
175
     1
179
     1
273
     0
  0
ENDSEC
  0
EOF
